# This file uses centimeters as units for non-parametric coordinates.

mtllib ENEMY_POD_002.mtl
g default
v -3.177009 3.394369 7.376748
v -3.365589 3.319719 7.376748
v -3.568008 3.306998 7.376748
v -3.764450 3.357449 7.376748
v -3.935688 3.466136 7.376748
v -4.064959 3.622418 7.376748
v -4.139608 3.810998 7.376748
v -4.152329 4.013416 7.376748
v -4.101878 4.209859 7.376748
v -3.993192 4.381096 7.376748
v -3.836909 4.510367 7.376748
v -3.648329 4.585016 7.376748
v -3.445911 4.597738 7.376748
v -3.249469 4.547286 7.376748
v -3.078231 4.438600 7.376748
v -2.948961 4.282318 7.376748
v -2.874311 4.093738 7.376748
v -2.861589 3.891320 7.376748
v -2.912041 3.694877 7.376748
v -3.020727 3.523640 7.376748
v -3.177009 3.394369 -0.283994
v -3.365589 3.319719 -0.283994
v -3.568008 3.306998 -0.283994
v -3.764450 3.357449 -0.283994
v -3.935688 3.466136 -0.283994
v -4.064959 3.622418 -0.283994
v -4.139608 3.810998 -0.283994
v -4.152329 4.013416 -0.283994
v -4.101878 4.209859 -0.283994
v -3.993192 4.381096 -0.283994
v -3.836909 4.510367 -0.283994
v -3.648329 4.585016 -0.283994
v -3.445911 4.597738 -0.283994
v -3.249469 4.547286 -0.283994
v -3.078231 4.438600 -0.283994
v -2.948961 4.282318 -0.283994
v -2.874311 4.093738 -0.283994
v -2.861589 3.891320 -0.283994
v -2.912041 3.694877 -0.283994
v -3.020727 3.523640 -0.283994
v -3.506959 3.952368 7.376748
v -3.506959 3.952368 -0.283994
v -4.701828 1.623739 -0.514316
v -4.486100 1.868402 -1.154497
v -4.150095 2.249475 -1.662547
v -3.726704 2.729654 -1.988735
v -3.257372 3.261936 -2.101132
v -2.788040 3.794218 -1.988735
v -2.364649 4.274397 -1.662547
v -2.028644 4.655469 -1.154496
v -1.812916 4.900132 -0.514316
v -1.738581 4.984437 0.195330
v -1.812916 4.900132 0.904976
v -2.028644 4.655469 1.545156
v -2.364649 4.274397 2.053206
v -2.788040 3.794218 2.379395
v -3.257372 3.261936 2.491791
v -3.726704 2.729654 2.379394
v -4.150095 2.249475 2.053206
v -4.486099 1.868403 1.545156
v -4.701827 1.623740 0.904975
v -4.776162 1.539435 0.195330
v -3.887336 0.905572 -0.514316
v -3.671607 1.150236 -1.154497
v -3.335603 1.531308 -1.662547
v -2.912212 2.011487 -1.988735
v -2.442880 2.543769 -2.101132
v -1.973547 3.076051 -1.988735
v -1.550156 3.556230 -1.662547
v -1.214152 3.937302 -1.154496
v -0.998423 4.181965 -0.514316
v -0.924089 4.266271 0.195330
v -0.998423 4.181965 0.904976
v -1.214152 3.937302 1.545156
v -1.550157 3.556230 2.053206
v -1.973547 3.076051 2.379395
v -2.442879 2.543769 2.491791
v -2.912212 2.011487 2.379394
v -3.335602 1.531308 2.053206
v -3.671607 1.150237 1.545156
v -3.887335 0.905573 0.904975
v -3.961670 0.821268 0.195330
v -3.257372 3.261936 0.195330
v -2.442880 2.543769 0.195330
v 3.773714 3.130939 7.376747
v 3.585134 3.056289 7.376747
v 3.382716 3.043567 7.376747
v 3.186274 3.094019 7.376747
v 3.015036 3.202705 7.376748
v 2.885765 3.358988 7.376747
v 2.811116 3.547568 7.376748
v 2.798394 3.749986 7.376747
v 2.848845 3.946428 7.376747
v 2.957532 4.117666 7.376747
v 3.113814 4.246937 7.376748
v 3.302394 4.321587 7.376748
v 3.504813 4.334308 7.376747
v 3.701255 4.283857 7.376748
v 3.872492 4.175170 7.376747
v 4.001762 4.018888 7.376747
v 4.076412 3.830307 7.376748
v 4.089134 3.627889 7.376747
v 4.038682 3.431447 7.376748
v 3.929997 3.260210 7.376747
v 3.773714 3.130939 -0.283994
v 3.585134 3.056289 -0.283994
v 3.382716 3.043567 -0.283994
v 3.186274 3.094019 -0.283994
v 3.015036 3.202705 -0.283994
v 2.885765 3.358988 -0.283994
v 2.811116 3.547568 -0.283994
v 2.798394 3.749986 -0.283994
v 2.848845 3.946429 -0.283994
v 2.957532 4.117666 -0.283994
v 3.113814 4.246937 -0.283994
v 3.302395 4.321586 -0.283994
v 3.504812 4.334308 -0.283994
v 3.701255 4.283856 -0.283994
v 3.872493 4.175170 -0.283994
v 4.001763 4.018888 -0.283994
v 4.076413 3.830308 -0.283994
v 4.089134 3.627889 -0.283994
v 4.038682 3.431447 -0.283994
v 3.929997 3.260210 -0.283994
v 3.443764 3.688938 7.376747
v 3.443764 3.688938 -0.283994
v 3.968297 1.049858 -0.709646
v 3.723634 1.265587 -1.349827
v 3.342561 1.601592 -1.857877
v 2.862382 2.024982 -2.184065
v 2.330100 2.494315 -2.296462
v 1.797818 2.963647 -2.184065
v 1.317639 3.387038 -1.857877
v 0.936567 3.723042 -1.349826
v 0.691904 3.938770 -0.709646
v 0.607599 4.013105 0.000000
v 0.691904 3.938770 0.709646
v 0.936567 3.723042 1.349826
v 1.317639 3.387037 1.857876
v 1.797818 2.963647 2.184065
v 2.330100 2.494315 2.296461
v 2.862382 2.024982 2.184064
v 3.342561 1.601592 1.857876
v 3.723633 1.265587 1.349826
v 3.968296 1.049859 0.709646
v 4.052601 0.975524 0.000000
v 4.686464 1.864351 -0.709646
v 4.441800 2.080079 -1.349827
v 4.060728 2.416084 -1.857877
v 3.580549 2.839475 -2.184065
v 3.048267 3.308807 -2.296462
v 2.515985 3.778139 -2.184065
v 2.035805 4.201530 -1.857877
v 1.654734 4.537535 -1.349826
v 1.410070 4.753263 -0.709646
v 1.325765 4.827598 0.000000
v 1.410070 4.753263 0.709646
v 1.654734 4.537535 1.349826
v 2.035806 4.201530 1.857876
v 2.515985 3.778139 2.184065
v 3.048267 3.308807 2.296461
v 3.580549 2.839475 2.184064
v 4.060728 2.416085 1.857876
v 4.441800 2.080080 1.349826
v 4.686463 1.864351 0.709646
v 4.770768 1.790017 0.000000
v 2.330100 2.494315 0.000000
v 3.048267 3.308807 0.000000
v 4.808858 -3.647054 7.376748
v 4.620278 -3.721704 7.376748
v 4.417860 -3.734425 7.376748
v 4.221417 -3.683974 7.376748
v 4.050180 -3.575287 7.376748
v 3.920909 -3.419005 7.376748
v 3.846259 -3.230425 7.376748
v 3.833538 -3.028007 7.376748
v 3.883989 -2.831564 7.376748
v 3.992676 -2.660327 7.376748
v 4.148958 -2.531056 7.376748
v 4.337538 -2.456407 7.376748
v 4.539956 -2.443685 7.376748
v 4.736399 -2.494136 7.376748
v 4.907636 -2.602823 7.376748
v 5.036906 -2.759105 7.376748
v 5.111557 -2.947685 7.376748
v 5.124278 -3.150103 7.376748
v 5.073826 -3.346545 7.376748
v 4.965140 -3.517783 7.376748
v 4.808858 -3.647054 -0.283994
v 4.620278 -3.721704 -0.283994
v 4.417860 -3.734425 -0.283994
v 4.221417 -3.683974 -0.283994
v 4.050180 -3.575287 -0.283994
v 3.920909 -3.419005 -0.283994
v 3.846259 -3.230425 -0.283994
v 3.833538 -3.028007 -0.283994
v 3.883989 -2.831564 -0.283994
v 3.992676 -2.660327 -0.283994
v 4.148958 -2.531056 -0.283994
v 4.337538 -2.456407 -0.283994
v 4.539956 -2.443685 -0.283994
v 4.736399 -2.494136 -0.283994
v 4.907636 -2.602823 -0.283994
v 5.036906 -2.759105 -0.283994
v 5.111557 -2.947685 -0.283994
v 5.124278 -3.150103 -0.283994
v 5.073826 -3.346545 -0.283994
v 4.965140 -3.517783 -0.283994
v 4.478908 -3.089055 7.376748
v 4.478908 -3.089055 -0.283994
v 1.507208 -3.850989 -0.514316
v 1.722936 -3.606325 -1.154497
v 2.058941 -3.225253 -1.662547
v 2.482332 -2.745074 -1.988735
v 2.951664 -2.212792 -2.101132
v 3.420997 -1.680509 -1.988735
v 3.844388 -1.200331 -1.662547
v 4.180392 -0.819259 -1.154496
v 4.396121 -0.574595 -0.514316
v 4.470455 -0.490290 0.195330
v 4.396121 -0.574595 0.904976
v 4.180392 -0.819259 1.545156
v 3.844387 -1.200331 2.053206
v 3.420997 -1.680509 2.379395
v 2.951665 -2.212792 2.491791
v 2.482332 -2.745074 2.379394
v 2.058942 -3.225252 2.053206
v 1.722938 -3.606324 1.545156
v 1.507209 -3.850987 0.904975
v 1.432874 -3.935293 0.195330
v 2.321700 -4.569156 -0.514316
v 2.537429 -4.324492 -1.154497
v 2.873434 -3.943420 -1.662547
v 3.296824 -3.463241 -1.988735
v 3.766157 -2.930959 -2.101132
v 4.235489 -2.398676 -1.988735
v 4.658880 -1.918497 -1.662547
v 4.994884 -1.537425 -1.154496
v 5.210613 -1.292762 -0.514316
v 5.284947 -1.208457 0.195330
v 5.210613 -1.292762 0.904976
v 4.994884 -1.537425 1.545156
v 4.658879 -1.918498 2.053206
v 4.235489 -2.398676 2.379395
v 3.766157 -2.930959 2.491791
v 3.296825 -3.463241 2.379394
v 2.873434 -3.943419 2.053206
v 2.537429 -4.324492 1.545156
v 2.321701 -4.569154 0.904975
v 2.247367 -4.653460 0.195330
v 2.951664 -2.212792 0.195330
v 3.766157 -2.930959 0.195330
v -2.906556 -4.355993 7.376747
v -3.095136 -4.430643 7.376747
v -3.297554 -4.443364 7.376747
v -3.493997 -4.392912 7.376747
v -3.665234 -4.284226 7.376748
v -3.794504 -4.127944 7.376747
v -3.869154 -3.939364 7.376748
v -3.881876 -3.736946 7.376747
v -3.831424 -3.540503 7.376747
v -3.722738 -3.369266 7.376747
v -3.566456 -3.239995 7.376748
v -3.377876 -3.165346 7.376748
v -3.175457 -3.152624 7.376747
v -2.979015 -3.203075 7.376748
v -2.807777 -3.311762 7.376747
v -2.678507 -3.468044 7.376747
v -2.603857 -3.656624 7.376748
v -2.591136 -3.859042 7.376747
v -2.641587 -4.055485 7.376748
v -2.750273 -4.226722 7.376747
v -2.906556 -4.355993 -0.283994
v -3.095136 -4.430643 -0.283994
v -3.297554 -4.443364 -0.283994
v -3.493997 -4.392912 -0.283994
v -3.665234 -4.284226 -0.283994
v -3.794504 -4.127944 -0.283994
v -3.869154 -3.939364 -0.283994
v -3.881876 -3.736946 -0.283994
v -3.831425 -3.540504 -0.283994
v -3.722738 -3.369266 -0.283994
v -3.566456 -3.239995 -0.283994
v -3.377876 -3.165346 -0.283994
v -3.175458 -3.152624 -0.283994
v -2.979015 -3.203076 -0.283994
v -2.807778 -3.311762 -0.283994
v -2.678508 -3.468044 -0.283994
v -2.603858 -3.656624 -0.283994
v -2.591136 -3.859042 -0.283994
v -2.641587 -4.055485 -0.283994
v -2.750273 -4.226722 -0.283994
v -3.236506 -3.797994 7.376747
v -3.236506 -3.797994 -0.283994
v -1.255245 -4.874302 -0.709646
v -1.499909 -4.658573 -1.349827
v -1.880981 -4.322568 -1.857877
v -2.361160 -3.899178 -2.184065
v -2.893442 -3.429845 -2.296462
v -3.425725 -2.960513 -2.184065
v -3.905903 -2.537122 -1.857877
v -4.286975 -2.201118 -1.349826
v -4.531639 -1.985390 -0.709646
v -4.615944 -1.911055 0.000000
v -4.531639 -1.985390 0.709646
v -4.286975 -2.201118 1.349826
v -3.905903 -2.537123 1.857876
v -3.425725 -2.960513 2.184065
v -2.893442 -3.429845 2.296461
v -2.361160 -3.899178 2.184064
v -1.880981 -4.322568 1.857876
v -1.499910 -4.658572 1.349826
v -1.255246 -4.874301 0.709646
v -1.170941 -4.948636 0.000000
v -0.537078 -4.059810 -0.709646
v -0.781742 -3.844081 -1.349827
v -1.162814 -3.508076 -1.857877
v -1.642993 -3.084685 -2.184065
v -2.175275 -2.615353 -2.296462
v -2.707558 -2.146021 -2.184065
v -3.187737 -1.722630 -1.857877
v -3.568809 -1.386626 -1.349826
v -3.813472 -1.170897 -0.709646
v -3.897777 -1.096563 0.000000
v -3.813472 -1.170897 0.709646
v -3.568809 -1.386626 1.349826
v -3.187736 -1.722631 1.857876
v -2.707558 -2.146021 2.184065
v -2.175275 -2.615353 2.296461
v -1.642993 -3.084685 2.184064
v -1.162815 -3.508076 1.857876
v -0.781743 -3.844080 1.349826
v -0.537079 -4.059809 0.709646
v -0.452774 -4.134143 0.000000
v -2.893442 -3.429845 0.000000
v -2.175275 -2.615353 0.000000
v -2.393815 -2.393814 2.393814
v 2.393815 -2.393814 2.393814
v -2.393815 2.393814 2.393814
v 2.393815 2.393814 2.393815
v -2.393815 2.393814 -2.393814
v 2.393815 2.393815 -2.393814
v -2.393815 -2.393814 -2.393814
v 2.393815 -2.393814 -2.393815
v 3.039276 -3.039276 0.000000
v -3.039276 -3.039276 0.000000
v 3.039276 0.000000 -3.039276
v -3.039276 0.000000 -3.039276
v 3.039276 3.039276 0.000000
v -3.039276 3.039276 0.000000
v 3.039276 0.000000 3.039276
v -3.039276 0.000000 3.039276
v 0.000000 -3.039276 -3.039276
v 0.000000 3.039276 -3.039276
v 0.000000 3.039276 3.039276
v 0.000000 -3.039276 3.039276
v -4.145778 0.000000 0.000000
v 4.145778 0.000000 0.000000
v 0.000000 -4.145778 0.000000
v 0.000000 0.000000 -4.145778
v 0.000000 4.145778 0.000000
v 0.000000 0.000000 4.145778
v -1.656256 0.000000 3.869670
v 1.656256 0.000000 3.869670
v 0.000000 1.656256 3.869670
v 0.000000 -1.656256 3.869670
v -1.656256 3.869670 0.000000
v 1.656256 3.869670 0.000000
v 0.000000 3.869670 -1.656256
v 0.000000 3.869670 1.656256
v -1.656256 0.000000 -3.869670
v 1.656256 0.000000 -3.869670
v 0.000000 -1.656256 -3.869670
v 0.000000 1.656256 -3.869670
v -1.656256 -3.869670 0.000000
v 1.656256 -3.869670 0.000000
v 0.000000 -3.869670 1.656256
v 0.000000 -3.869670 -1.656256
v 3.869670 0.000000 1.656256
v 3.869670 0.000000 -1.656256
v 3.869670 1.656256 0.000000
v 3.869670 -1.656256 0.000000
v -3.869670 0.000000 -1.656256
v -3.869670 0.000000 1.656256
v -3.869670 1.656256 0.000000
v -3.869670 -1.656256 0.000000
v 1.420347 -2.824905 2.824905
v 1.420347 2.824905 2.824905
v 1.420347 2.824905 -2.824905
v 1.420347 -2.824905 -2.824905
v -2.824905 1.420347 2.824905
v 2.824905 1.420348 2.824905
v -2.824905 2.824905 -1.420347
v 2.824905 2.824905 -1.420348
v -2.824905 -1.420347 -2.824905
v 2.824905 -1.420348 -2.824905
v -2.824905 -2.824905 1.420347
v 2.824905 -2.824905 1.420348
v 2.824905 -2.824905 -1.420347
v -2.824905 -2.824905 -1.420347
v 2.824905 1.420347 -2.824905
v -2.824905 1.420347 -2.824905
v 2.824905 2.824905 1.420347
v -2.824905 2.824905 1.420347
v 2.824905 -1.420347 2.824905
v -2.824905 -1.420347 2.824905
v -1.420347 -2.824905 -2.824905
v -1.420347 2.824905 -2.824905
v -1.420347 2.824905 2.824905
v -1.420347 -2.824905 2.824905
v -1.539699 1.539699 3.605292
v 1.539699 -1.539699 3.605292
v 1.539699 1.539699 3.605292
v -1.539699 3.605292 -1.539699
v 1.539699 3.605292 1.539699
v 1.539699 3.605292 -1.539699
v -1.539699 -1.539699 -3.605292
v 1.539699 1.539699 -3.605292
v 1.539699 -1.539699 -3.605292
v -1.539699 -3.605292 1.539699
v 1.539699 -3.605292 -1.539699
v 1.539699 -3.605292 1.539699
v 3.605292 1.539699 1.539699
v 3.605292 -1.539699 -1.539699
v 3.605292 1.539699 -1.539699
v -3.605292 1.539699 -1.539699
v -3.605292 -1.539699 1.539699
v -3.605292 1.539699 1.539699
v -3.605292 -1.539699 -1.539699
v 3.605292 -1.539699 1.539699
v -1.539699 -3.605292 -1.539699
v -1.539699 1.539699 -3.605292
v -1.539699 3.605292 1.539699
v -1.539699 -1.539699 3.605292
v -1.905653 -3.004962 -1.394301
v 1.905653 -3.004962 -1.394301
v 1.905653 3.004962 -1.394301
v -1.905653 3.004962 -1.394301
v -1.905653 -1.066209 -7.404224
v -1.905653 0.783539 -7.404224
v -0.674525 -1.066209 -7.404224
v -0.674525 -2.485527 -3.004493
v 0.674525 -2.485527 -3.004493
v 0.674525 -1.066209 -7.404224
v 1.905653 -1.066209 -7.404224
v 1.905653 0.783539 -7.404224
v 0.674525 0.783539 -7.404224
v 0.674525 2.409793 -3.004493
v -0.674525 2.409793 -3.004493
v -0.674525 0.783539 -7.404224
vt 0.919361 0.247375
vt 0.913318 0.247375
vt 0.919361 0.001911
vt 0.913318 0.001911
vt 0.924368 0.001911
vt 0.906832 0.247375
vt 0.924368 0.247375
vt 0.906832 0.001911
vt 0.927851 0.001911
vt 0.900538 0.247375
vt 0.927851 0.247375
vt 0.900538 0.001911
vt 0.895051 0.247375
vt 0.895051 0.001911
vt 0.890909 0.247375
vt 0.890909 0.001911
vt 0.935735 0.001911
vt 0.941778 0.001911
vt 0.935735 0.247375
vt 0.941778 0.247375
vt 0.948263 0.001911
vt 0.948263 0.247375
vt 0.954558 0.001911
vt 0.954558 0.247375
vt 0.960045 0.001911
vt 0.960045 0.247375
vt 0.964187 0.001911
vt 0.964187 0.247375
vt 0.969557 0.001911
vt 0.975599 0.001911
vt 0.969557 0.247375
vt 0.975599 0.247375
vt 0.982085 0.001911
vt 0.982085 0.247375
vt 0.988379 0.001911
vt 0.988379 0.247375
vt 0.993866 0.001911
vt 0.993866 0.247375
vt 0.998008 0.001911
vt 0.998008 0.247375
vt 0.963421 0.496832
vt 0.957379 0.496832
vt 0.963421 0.251367
vt 0.957379 0.251367
vt 0.950893 0.496832
vt 0.950893 0.251367
vt 0.944598 0.496832
vt 0.944598 0.251367
vt 0.596053 0.916195
vt 0.602095 0.918587
vt 0.591523 0.936466
vt 0.607103 0.922729
vt 0.589567 0.915787
vt 0.610586 0.928216
vt 0.583273 0.917404
vt 0.612202 0.934510
vt 0.577786 0.920886
vt 0.611794 0.940996
vt 0.573644 0.925894
vt 0.609403 0.947039
vt 0.571252 0.931937
vt 0.605260 0.952046
vt 0.570844 0.938422
vt 0.599774 0.955529
vt 0.572461 0.944717
vt 0.593479 0.957145
vt 0.575943 0.950204
vt 0.586993 0.956738
vt 0.580951 0.954346
vt 0.751882 0.906257
vt 0.754274 0.912299
vt 0.734002 0.916829
vt 0.754681 0.918785
vt 0.747740 0.901249
vt 0.753065 0.925080
vt 0.742253 0.897767
vt 0.749582 0.930566
vt 0.735958 0.896150
vt 0.744575 0.934709
vt 0.729473 0.896558
vt 0.738532 0.937100
vt 0.723430 0.898950
vt 0.732046 0.937508
vt 0.718423 0.903092
vt 0.725752 0.935891
vt 0.714940 0.908579
vt 0.720265 0.932409
vt 0.713324 0.914873
vt 0.716123 0.927401
vt 0.713731 0.921359
vt 0.375714 0.688386
vt 0.389280 0.673000
vt 0.401812 0.711397
vt 0.415378 0.696011
vt 0.391046 0.723608
vt 0.404319 0.655945
vt 0.364948 0.700596
vt 0.430417 0.678956
vt 0.419357 0.638889
vt 0.445455 0.661901
vt 0.432923 0.623503
vt 0.459021 0.646515
vt 0.443690 0.611293
vt 0.469787 0.634305
vt 0.321948 0.711397
vt 0.308382 0.696011
vt 0.348046 0.688386
vt 0.334480 0.673000
vt 0.358813 0.700596
vt 0.293344 0.678956
vt 0.332715 0.723608
vt 0.319442 0.655945
vt 0.278306 0.661901
vt 0.304404 0.638889
vt 0.264739 0.646515
vt 0.290837 0.623503
vt 0.253973 0.634305
vt 0.280071 0.611293
vt 0.604501 0.499350
vt 0.598458 0.499350
vt 0.604501 0.253885
vt 0.598458 0.253885
vt 0.609508 0.253885
vt 0.591972 0.499350
vt 0.609508 0.499350
vt 0.591972 0.253885
vt 0.612991 0.253885
vt 0.585678 0.499350
vt 0.612991 0.499350
vt 0.585678 0.253885
vt 0.580191 0.499350
vt 0.580191 0.253885
vt 0.576049 0.499350
vt 0.576049 0.253885
vt 0.910011 0.251367
vt 0.916054 0.251367
vt 0.910011 0.496832
vt 0.916054 0.496832
vt 0.922540 0.251367
vt 0.922540 0.496832
vt 0.928834 0.251367
vt 0.928834 0.496832
vt 0.934321 0.251367
vt 0.934321 0.496832
vt 0.938463 0.251367
vt 0.938463 0.496832
vt 0.875425 0.253885
vt 0.881467 0.253885
vt 0.875425 0.499350
vt 0.881467 0.499350
vt 0.887953 0.253885
vt 0.887953 0.499350
vt 0.894247 0.253885
vt 0.894247 0.499350
vt 0.899734 0.253885
vt 0.899734 0.499350
vt 0.903876 0.253885
vt 0.903876 0.499350
vt 0.869289 0.499350
vt 0.863247 0.499350
vt 0.869289 0.253885
vt 0.863247 0.253885
vt 0.856761 0.499350
vt 0.856761 0.253885
vt 0.850467 0.499350
vt 0.850467 0.253885
vt 0.548560 0.916195
vt 0.554602 0.918587
vt 0.544030 0.936466
vt 0.559610 0.922729
vt 0.542074 0.915787
vt 0.563092 0.928216
vt 0.535780 0.917404
vt 0.564709 0.934510
vt 0.530293 0.920887
vt 0.564301 0.940996
vt 0.526151 0.925894
vt 0.561909 0.947039
vt 0.523759 0.931937
vt 0.557767 0.952046
vt 0.523351 0.938422
vt 0.552281 0.955529
vt 0.524968 0.944717
vt 0.545986 0.957145
vt 0.528450 0.950204
vt 0.539500 0.956738
vt 0.533458 0.954346
vt 0.697082 0.954346
vt 0.691039 0.956738
vt 0.686509 0.936466
vt 0.684553 0.957145
vt 0.702089 0.950204
vt 0.678259 0.955529
vt 0.705572 0.944717
vt 0.672772 0.952046
vt 0.707188 0.938422
vt 0.668630 0.947039
vt 0.706781 0.931937
vt 0.666238 0.940996
vt 0.704389 0.925894
vt 0.665830 0.934510
vt 0.700247 0.920886
vt 0.667447 0.928216
vt 0.694760 0.917404
vt 0.670930 0.922729
vt 0.688465 0.915787
vt 0.675937 0.918587
vt 0.681980 0.916195
vt 0.237072 0.646515
vt 0.223505 0.661901
vt 0.210974 0.623504
vt 0.197407 0.638889
vt 0.221740 0.611293
vt 0.208467 0.678956
vt 0.247838 0.634305
vt 0.182369 0.655945
vt 0.193429 0.696011
vt 0.167331 0.673000
vt 0.179863 0.711397
vt 0.153765 0.688386
vt 0.169096 0.723608
vt 0.142998 0.700596
vt 0.099999 0.747111
vt 0.086433 0.731725
vt 0.126097 0.724100
vt 0.112531 0.708714
vt 0.136863 0.736310
vt 0.071394 0.714670
vt 0.110765 0.759321
vt 0.097492 0.691658
vt 0.056356 0.697615
vt 0.082454 0.674603
vt 0.042790 0.682229
vt 0.068888 0.659217
vt 0.032024 0.670018
vt 0.058121 0.647007
vt 0.835841 0.499350
vt 0.829799 0.499350
vt 0.835841 0.253885
vt 0.829799 0.253885
vt 0.840849 0.253885
vt 0.823313 0.499350
vt 0.840849 0.499350
vt 0.823313 0.253885
vt 0.844331 0.253885
vt 0.817019 0.499350
vt 0.844331 0.499350
vt 0.817019 0.253885
vt 0.811532 0.499350
vt 0.811532 0.253885
vt 0.807390 0.499350
vt 0.807390 0.253885
vt 0.772803 0.253885
vt 0.778845 0.253885
vt 0.772803 0.499350
vt 0.778845 0.499350
vt 0.785331 0.253885
vt 0.785331 0.499350
vt 0.791625 0.253885
vt 0.791625 0.499350
vt 0.797112 0.253885
vt 0.797112 0.499350
vt 0.801254 0.253885
vt 0.801254 0.499350
vt 0.738216 0.253885
vt 0.744258 0.253885
vt 0.738216 0.499350
vt 0.744258 0.499350
vt 0.750744 0.253885
vt 0.750744 0.499350
vt 0.757039 0.253885
vt 0.757039 0.499350
vt 0.762525 0.253885
vt 0.762525 0.499350
vt 0.766667 0.253885
vt 0.766667 0.499350
vt 0.732081 0.499350
vt 0.726038 0.499350
vt 0.732081 0.253885
vt 0.726038 0.253885
vt 0.719552 0.499350
vt 0.719552 0.253885
vt 0.713258 0.499350
vt 0.713258 0.253885
vt 0.501067 0.916195
vt 0.507109 0.918587
vt 0.496537 0.936466
vt 0.512117 0.922729
vt 0.494581 0.915787
vt 0.515599 0.928216
vt 0.488286 0.917404
vt 0.517216 0.934510
vt 0.482800 0.920886
vt 0.516808 0.940996
vt 0.478658 0.925894
vt 0.514416 0.947038
vt 0.476266 0.931936
vt 0.510274 0.952046
vt 0.475858 0.938422
vt 0.504787 0.955528
vt 0.477475 0.944717
vt 0.498493 0.957145
vt 0.480957 0.950203
vt 0.492007 0.956737
vt 0.485965 0.954345
vt 0.419430 0.854011
vt 0.421822 0.860054
vt 0.401551 0.864584
vt 0.422230 0.866540
vt 0.415288 0.849004
vt 0.420613 0.872834
vt 0.409801 0.845521
vt 0.417131 0.878321
vt 0.403507 0.843905
vt 0.412123 0.882463
vt 0.397021 0.844312
vt 0.406081 0.884855
vt 0.390979 0.846704
vt 0.399595 0.885263
vt 0.385971 0.850846
vt 0.393300 0.883646
vt 0.382488 0.856333
vt 0.387814 0.880164
vt 0.380872 0.862628
vt 0.383671 0.875156
vt 0.381280 0.869114
vt 0.012758 0.840406
vt 0.026325 0.825020
vt 0.038856 0.863417
vt 0.052422 0.848031
vt 0.028090 0.875627
vt 0.041363 0.807964
vt 0.001992 0.852616
vt 0.067461 0.830976
vt 0.056401 0.790909
vt 0.082499 0.813920
vt 0.069967 0.775523
vt 0.096065 0.798535
vt 0.080734 0.763313
vt 0.106831 0.786324
vt 0.181252 0.863417
vt 0.167686 0.848031
vt 0.207350 0.840405
vt 0.193784 0.825020
vt 0.218117 0.852616
vt 0.152648 0.830976
vt 0.192019 0.875627
vt 0.178746 0.807964
vt 0.137610 0.813920
vt 0.163708 0.790909
vt 0.124043 0.798535
vt 0.150141 0.775523
vt 0.113277 0.786324
vt 0.139375 0.763313
vt 0.561424 0.499350
vt 0.555381 0.499350
vt 0.561424 0.253885
vt 0.555381 0.253885
vt 0.566431 0.253885
vt 0.548895 0.499350
vt 0.566431 0.499350
vt 0.548895 0.253885
vt 0.569914 0.253885
vt 0.542601 0.499350
vt 0.569914 0.499350
vt 0.542601 0.253885
vt 0.537114 0.499350
vt 0.537114 0.253885
vt 0.532972 0.499350
vt 0.532972 0.253885
vt 0.678671 0.253885
vt 0.684713 0.253885
vt 0.678671 0.499350
vt 0.684713 0.499350
vt 0.691199 0.253885
vt 0.691199 0.499350
vt 0.697494 0.253885
vt 0.697494 0.499350
vt 0.702980 0.253885
vt 0.702980 0.499350
vt 0.707123 0.253885
vt 0.707123 0.499350
vt 0.644084 0.253885
vt 0.650127 0.253885
vt 0.644084 0.499350
vt 0.650127 0.499350
vt 0.656613 0.253885
vt 0.656612 0.499350
vt 0.662907 0.253885
vt 0.662907 0.499350
vt 0.668394 0.253885
vt 0.668394 0.499350
vt 0.672536 0.253885
vt 0.672536 0.499350
vt 0.637949 0.499350
vt 0.631906 0.499350
vt 0.637949 0.253885
vt 0.631906 0.253885
vt 0.625420 0.499350
vt 0.625420 0.253885
vt 0.619126 0.499350
vt 0.619126 0.253885
vt 0.453574 0.916195
vt 0.459616 0.918587
vt 0.449044 0.936466
vt 0.464624 0.922729
vt 0.447088 0.915787
vt 0.468106 0.928216
vt 0.440793 0.917404
vt 0.469723 0.934510
vt 0.435307 0.920886
vt 0.469315 0.940996
vt 0.431165 0.925894
vt 0.466923 0.947038
vt 0.428773 0.931936
vt 0.462781 0.952046
vt 0.428365 0.938422
vt 0.457294 0.955528
vt 0.429982 0.944717
vt 0.451000 0.957145
vt 0.433464 0.950203
vt 0.444514 0.956737
vt 0.438472 0.954345
vt 0.649589 0.954346
vt 0.643546 0.956738
vt 0.639016 0.936466
vt 0.637060 0.957145
vt 0.654596 0.950204
vt 0.630766 0.955529
vt 0.658079 0.944717
vt 0.625279 0.952046
vt 0.659695 0.938422
vt 0.621137 0.947039
vt 0.659288 0.931937
vt 0.618745 0.940996
vt 0.656896 0.925894
vt 0.618337 0.934510
vt 0.652754 0.920887
vt 0.619954 0.928216
vt 0.647267 0.917404
vt 0.623436 0.922729
vt 0.640972 0.915787
vt 0.628444 0.918587
vt 0.634487 0.916195
vt 0.318441 0.762821
vt 0.304874 0.778206
vt 0.292343 0.739809
vt 0.278777 0.755195
vt 0.303109 0.727599
vt 0.289836 0.795262
vt 0.329207 0.750610
vt 0.263738 0.772250
vt 0.274798 0.812317
vt 0.248700 0.789306
vt 0.261232 0.827703
vt 0.235134 0.804692
vt 0.250465 0.839913
vt 0.224367 0.816902
vt 0.403433 0.827703
vt 0.389867 0.812317
vt 0.429531 0.804692
vt 0.415965 0.789306
vt 0.440297 0.816902
vt 0.374829 0.795262
vt 0.414199 0.839913
vt 0.400926 0.772250
vt 0.359790 0.778207
vt 0.385888 0.755195
vt 0.346224 0.762821
vt 0.372322 0.739809
vt 0.335458 0.750610
vt 0.361556 0.727599
vt 0.125984 0.178972
vt 0.076649 0.175237
vt 0.125984 0.125902
vt 0.080473 0.216418
vt 0.072914 0.125902
vt 0.175319 0.175237
vt 0.125984 0.223286
vt 0.049281 0.202605
vt 0.035468 0.171413
vt 0.076649 0.076567
vt 0.179053 0.125902
vt 0.171494 0.216418
vt 0.125984 0.249894
vt 0.028599 0.125902
vt 0.035468 0.080391
vt 0.125984 0.072833
vt 0.216499 0.171413
vt 0.175319 0.076567
vt 0.202686 0.202605
vt 0.076649 0.241423
vt 0.001992 0.125902
vt 0.049281 0.049200
vt 0.080473 0.035387
vt 0.223368 0.125902
vt 0.216499 0.080391
vt 0.175319 0.241423
vt 0.010463 0.175237
vt 0.125984 0.028518
vt 0.171494 0.035387
vt 0.249975 0.125902
vt 0.202686 0.049200
vt 0.010463 0.076567
vt 0.125984 0.001910
vt 0.241504 0.175237
vt 0.076649 0.010382
vt 0.241504 0.076567
vt 0.175319 0.010382
vt 0.401085 0.125902
vt 0.397350 0.175237
vt 0.348015 0.125902
vt 0.438530 0.171413
vt 0.348015 0.178972
vt 0.397350 0.076567
vt 0.445399 0.125902
vt 0.424717 0.202605
vt 0.393526 0.216418
vt 0.298680 0.175237
vt 0.348015 0.072832
vt 0.438530 0.080391
vt 0.472007 0.125902
vt 0.348015 0.223286
vt 0.302504 0.216418
vt 0.294945 0.125902
vt 0.393526 0.035387
vt 0.298680 0.076567
vt 0.424717 0.049200
vt 0.463536 0.175237
vt 0.348015 0.249894
vt 0.271313 0.202605
vt 0.348015 0.028518
vt 0.302504 0.035387
vt 0.463536 0.076567
vt 0.397350 0.241423
vt 0.257500 0.171413
vt 0.348015 0.001910
vt 0.271313 0.049200
vt 0.298680 0.241423
vt 0.397350 0.010382
vt 0.257500 0.080391
vt 0.298680 0.010382
vt 0.623265 0.125902
vt 0.619531 0.175237
vt 0.570196 0.125902
vt 0.660711 0.171413
vt 0.570196 0.178972
vt 0.619531 0.076567
vt 0.667580 0.125902
vt 0.646898 0.202605
vt 0.615706 0.216418
vt 0.520861 0.175237
vt 0.570196 0.072833
vt 0.660711 0.080391
vt 0.694187 0.125902
vt 0.570196 0.223286
vt 0.524685 0.216418
vt 0.517126 0.125902
vt 0.615706 0.035387
vt 0.520861 0.076567
vt 0.646898 0.049200
vt 0.685716 0.175237
vt 0.570196 0.249894
vt 0.493493 0.202605
vt 0.570196 0.028518
vt 0.524685 0.035387
vt 0.685716 0.076567
vt 0.619531 0.241423
vt 0.479680 0.171413
vt 0.570196 0.001910
vt 0.493493 0.049200
vt 0.520861 0.241423
vt 0.619531 0.010382
vt 0.479680 0.080391
vt 0.520861 0.010382
vt 0.845446 0.125902
vt 0.841711 0.175237
vt 0.792376 0.125902
vt 0.792376 0.178972
vt 0.841711 0.076567
vt 0.837887 0.216418
vt 0.743041 0.175237
vt 0.792376 0.072833
vt 0.792376 0.223286
vt 0.869079 0.202605
vt 0.746866 0.216418
vt 0.739307 0.125902
vt 0.837887 0.035387
vt 0.743041 0.076567
vt 0.792376 0.249894
vt 0.882892 0.171413
vt 0.715674 0.202605
vt 0.792376 0.028518
vt 0.869079 0.049200
vt 0.746866 0.035387
vt 0.841711 0.241423
vt 0.701861 0.171413
vt 0.792376 0.001911
vt 0.882892 0.080392
vt 0.715674 0.049200
vt 0.743041 0.241423
vt 0.841711 0.010382
vt 0.701861 0.080392
vt 0.743041 0.010382
vt 0.552687 0.858726
vt 0.548953 0.908061
vt 0.499618 0.858726
vt 0.499618 0.911796
vt 0.548953 0.809391
vt 0.450283 0.908061
vt 0.499618 0.805657
vt 0.446548 0.858726
vt 0.450283 0.809391
vt 0.612657 0.911796
vt 0.563322 0.908061
vt 0.612657 0.858726
vt 0.559587 0.858726
vt 0.661992 0.908061
vt 0.563322 0.809391
vt 0.665727 0.858726
vt 0.612657 0.805657
vt 0.661992 0.809391
vt 0.334267 0.316007
vt 0.526837 0.253885
vt 0.334267 0.375276
vt 0.526837 0.446455
vt 0.089980 0.253885
vt 0.129427 0.253885
vt 0.089980 0.446455
vt 0.129427 0.394861
vt 0.083844 0.446455
vt 0.044397 0.394861
vt 0.083844 0.253885
vt 0.044397 0.253885
vt 0.328132 0.316007
vt 0.328132 0.375276
vt 0.135563 0.253885
vt 0.135563 0.446455
vt 0.041440 0.643016
vt 0.001992 0.643016
vt 0.041440 0.450446
vt 0.001992 0.502040
vt 0.048962 0.450446
vt 0.088410 0.502040
vt 0.048962 0.643016
vt 0.088410 0.643016
vt 0.758380 0.805657
vt 0.797828 0.805657
vt 0.758380 0.864926
vt 0.797828 0.864926
vt 0.805155 0.805657
vt 0.844603 0.805657
vt 0.805155 0.864926
vt 0.844603 0.864926
vt 0.236712 0.607302
vt 0.095737 0.555193
vt 0.236712 0.450446
vt 0.095737 0.495924
vt 0.384833 0.495924
vt 0.384833 0.555193
vt 0.243857 0.450446
vt 0.243857 0.607302
vt 0.628233 0.554186
vt 0.635146 0.533674
vt 0.654331 0.554186
vt 0.661244 0.533674
vt 0.651950 0.576925
vt 0.700615 0.576925
vt 0.625852 0.576925
vt 0.672010 0.517395
vt 0.654331 0.599663
vt 0.685576 0.506943
vt 0.628234 0.599663
vt 0.661244 0.620176
vt 0.700615 0.503342
vt 0.674517 0.576925
vt 0.672010 0.636455
vt 0.715653 0.506943
vt 0.635146 0.620176
vt 0.685576 0.646906
vt 0.729219 0.517395
vt 0.700615 0.650508
vt 0.739985 0.533674
vt 0.715653 0.646906
vt 0.746898 0.554186
vt 0.729219 0.636455
vt 0.749279 0.576925
vt 0.739985 0.620176
vt 0.746898 0.599663
vt 0.693522 0.771333
vt 0.700434 0.750821
vt 0.719620 0.771333
vt 0.654151 0.728082
vt 0.726532 0.750821
vt 0.682755 0.787612
vt 0.702816 0.728082
vt 0.669189 0.798064
vt 0.700434 0.705344
vt 0.728914 0.728082
vt 0.654151 0.801665
vt 0.693522 0.684831
vt 0.639113 0.798064
vt 0.726532 0.705344
vt 0.682755 0.668552
vt 0.625546 0.787612
vt 0.719620 0.684831
vt 0.669189 0.658101
vt 0.614780 0.771333
vt 0.654151 0.654499
vt 0.607868 0.750821
vt 0.639113 0.658101
vt 0.605486 0.728082
vt 0.625546 0.668552
vt 0.614780 0.684831
vt 0.607868 0.705344
vt 0.864115 0.554186
vt 0.856275 0.533674
vt 0.887126 0.554186
vt 0.811624 0.576925
vt 0.879287 0.533674
vt 0.889827 0.576925
vt 0.866816 0.576925
vt 0.844065 0.517395
vt 0.864115 0.599663
vt 0.828679 0.506943
vt 0.887126 0.599663
vt 0.856275 0.620176
vt 0.811624 0.503342
vt 0.834635 0.576925
vt 0.879287 0.620176
vt 0.844065 0.636455
vt 0.794568 0.506943
vt 0.828679 0.646906
vt 0.779183 0.517395
vt 0.811624 0.650508
vt 0.766972 0.533674
vt 0.794568 0.646906
vt 0.759133 0.554186
vt 0.779183 0.636455
vt 0.756432 0.576925
vt 0.766972 0.620176
vt 0.759133 0.599663
vt 0.672627 0.892159
vt 0.679539 0.871646
vt 0.698725 0.892159
vt 0.705637 0.871646
vt 0.681921 0.848908
vt 0.708019 0.848908
vt 0.679539 0.826169
vt 0.705637 0.826169
vt 0.672627 0.805657
vt 0.698725 0.805657
vt 0.499661 0.546768
vt 0.491821 0.567280
vt 0.447170 0.524029
vt 0.479611 0.583559
vt 0.502362 0.524029
vt 0.464225 0.594011
vt 0.447170 0.597612
vt 0.430114 0.594011
vt 0.414728 0.583559
vt 0.402518 0.567280
vt 0.394679 0.546768
vt 0.391977 0.524029
vt 0.394679 0.501291
vt 0.402518 0.480778
vt 0.414728 0.464499
vt 0.430114 0.454048
vt 0.447170 0.450446
vt 0.464225 0.454048
vt 0.479611 0.464499
vt 0.491821 0.480778
vt 0.876962 0.705344
vt 0.883874 0.684831
vt 0.903060 0.705344
vt 0.909972 0.684831
vt 0.900678 0.728082
vt 0.949343 0.728082
vt 0.874580 0.728082
vt 0.920739 0.668552
vt 0.903060 0.750821
vt 0.934305 0.658101
vt 0.876962 0.750821
vt 0.909972 0.771333
vt 0.949343 0.654499
vt 0.923245 0.728082
vt 0.920739 0.787612
vt 0.964381 0.658101
vt 0.883874 0.771333
vt 0.934305 0.798064
vt 0.977948 0.668552
vt 0.949343 0.801665
vt 0.988714 0.684831
vt 0.964381 0.798064
vt 0.995626 0.705344
vt 0.977948 0.787612
vt 0.998008 0.728082
vt 0.988714 0.771333
vt 0.995626 0.750821
vt 0.563958 0.771333
vt 0.570871 0.750820
vt 0.590056 0.771333
vt 0.524588 0.728082
vt 0.596969 0.750820
vt 0.553192 0.787612
vt 0.573253 0.728082
vt 0.539626 0.798064
vt 0.570871 0.705344
vt 0.599351 0.728082
vt 0.524588 0.801665
vt 0.563958 0.684831
vt 0.509549 0.798064
vt 0.596969 0.705344
vt 0.553192 0.668552
vt 0.495983 0.787612
vt 0.590056 0.684831
vt 0.539626 0.658100
vt 0.485217 0.771333
vt 0.524588 0.654499
vt 0.478305 0.750820
vt 0.509549 0.658100
vt 0.475923 0.728082
vt 0.495983 0.668552
vt 0.485217 0.684831
vt 0.478305 0.705344
vt 0.842732 0.705344
vt 0.834893 0.684831
vt 0.865744 0.705344
vt 0.790241 0.728082
vt 0.857904 0.684831
vt 0.868445 0.728082
vt 0.845433 0.728082
vt 0.822682 0.668552
vt 0.842732 0.750821
vt 0.807297 0.658101
vt 0.865744 0.750821
vt 0.834893 0.771333
vt 0.790241 0.654499
vt 0.813253 0.728082
vt 0.857904 0.771333
vt 0.822682 0.787612
vt 0.773186 0.658101
vt 0.807297 0.798064
vt 0.757800 0.668552
vt 0.790241 0.801665
vt 0.745590 0.684831
vt 0.773186 0.798064
vt 0.737750 0.705344
vt 0.757800 0.787612
vt 0.735049 0.728082
vt 0.745590 0.771333
vt 0.737750 0.750821
vt 0.715504 0.892159
vt 0.722416 0.871646
vt 0.741601 0.892159
vt 0.748514 0.871646
vt 0.724798 0.848908
vt 0.750896 0.848908
vt 0.722416 0.826169
vt 0.748514 0.826169
vt 0.715504 0.805657
vt 0.741601 0.805657
vt 0.616598 0.599663
vt 0.608758 0.620176
vt 0.564107 0.576925
vt 0.596548 0.636454
vt 0.619299 0.576925
vt 0.581162 0.646906
vt 0.564107 0.650508
vt 0.547051 0.646906
vt 0.531666 0.636454
vt 0.519455 0.620176
vt 0.511616 0.599663
vt 0.508915 0.576925
vt 0.511616 0.554186
vt 0.519455 0.533673
vt 0.531666 0.517395
vt 0.547051 0.506943
vt 0.564107 0.503341
vt 0.581162 0.506943
vt 0.596548 0.517395
vt 0.608758 0.533674
vt 0.895728 0.854653
vt 0.891904 0.895833
vt 0.864536 0.868466
vt 0.850723 0.899658
vt 0.876935 0.850662
vt 0.851930 0.809481
vt 0.890748 0.836848
vt 0.876935 0.805657
vt 0.774630 0.868918
vt 0.799635 0.910098
vt 0.760817 0.882731
vt 0.774630 0.913922
vt 0.959293 0.805657
vt 0.984298 0.846837
vt 0.945480 0.819470
vt 0.959293 0.850662
vt 0.912518 0.805657
vt 0.937523 0.846837
vt 0.898705 0.819470
vt 0.912518 0.850662
vt 0.953003 0.854653
vt 0.994184 0.858477
vt 0.966816 0.885845
vt 0.998008 0.899658
vt 0.830775 0.913922
vt 0.805770 0.872742
vt 0.844588 0.900109
vt 0.830775 0.868918
vt 0.901863 0.899658
vt 0.905688 0.858477
vt 0.933055 0.885845
vt 0.946868 0.854653
vn 0.508986 -0.860774 0.000000
vn 0.218079 -0.975931 0.000000
vn 0.508986 -0.860775 0.000000
vn 0.218079 -0.975931 0.000000
vn -0.094174 -0.995556 0.000000
vn -0.094174 -0.995556 0.000000
vn -0.397208 -0.917729 0.000000
vn -0.397208 -0.917729 0.000000
vn -0.661361 -0.750068 0.000000
vn -0.661361 -0.750068 0.000000
vn -0.860775 -0.508985 0.000000
vn -0.860776 -0.508984 0.000000
vn -0.975931 -0.218078 0.000000
vn -0.975932 -0.218077 0.000000
vn -0.995556 0.094174 0.000000
vn -0.995556 0.094173 0.000000
vn -0.917729 0.397208 0.000000
vn -0.917729 0.397208 0.000000
vn -0.750067 0.661362 0.000000
vn -0.750067 0.661362 0.000000
vn -0.508985 0.860775 0.000000
vn -0.508985 0.860776 0.000000
vn -0.218078 0.975931 0.000000
vn -0.218077 0.975931 0.000000
vn 0.094175 0.995556 0.000000
vn 0.094175 0.995556 0.000000
vn 0.397209 0.917728 0.000000
vn 0.397207 0.917729 0.000000
vn 0.661361 0.750068 0.000000
vn 0.661359 0.750069 0.000000
vn 0.860776 0.508983 0.000000
vn 0.860775 0.508986 0.000000
vn 0.975932 0.218077 0.000000
vn 0.975931 0.218079 0.000000
vn 0.995556 -0.094175 0.000000
vn 0.995556 -0.094174 0.000000
vn 0.917728 -0.397208 0.000000
vn 0.917729 -0.397207 0.000000
vn 0.750068 -0.661361 0.000000
vn 0.750068 -0.661361 0.000000
vn -0.000000 0.000000 1.000000
vn 0.000004 0.000000 1.000000
vn -0.000000 0.000000 1.000000
vn -0.000004 0.000000 1.000000
vn -0.000002 0.000000 1.000000
vn -0.000000 0.000000 1.000000
vn 0.000002 0.000000 1.000000
vn -0.000000 0.000000 1.000000
vn -0.000000 0.000000 1.000000
vn 0.000000 0.000000 1.000000
vn 0.000000 0.000000 1.000000
vn 0.000000 0.000000 1.000000
vn -0.000004 0.000000 1.000000
vn -0.000004 0.000000 1.000000
vn 0.000002 0.000000 1.000000
vn 0.000002 0.000000 1.000000
vn -0.000001 0.000000 1.000000
vn -0.000001 0.000000 1.000000
vn -0.000001 0.000000 1.000000
vn -0.000001 0.000000 1.000000
vn 0.000000 0.000000 1.000000
vn 0.000000 0.000000 -1.000000
vn 0.000000 0.000000 -1.000000
vn -0.000000 0.000000 -1.000000
vn 0.000000 0.000000 -1.000000
vn 0.000000 0.000000 -1.000000
vn 0.000000 0.000000 -1.000000
vn 0.000000 0.000000 -1.000000
vn 0.000000 0.000000 -1.000000
vn -0.000000 0.000000 -1.000000
vn 0.000000 0.000000 -1.000000
vn 0.000000 0.000000 -1.000000
vn -0.000000 0.000000 -1.000000
vn -0.000000 0.000000 -1.000000
vn 0.000000 0.000000 -1.000000
vn -0.000000 0.000000 -1.000000
vn -0.000000 0.000000 -1.000000
vn 0.000000 0.000000 -1.000000
vn 0.000000 0.000000 -1.000000
vn 0.000000 0.000000 -1.000000
vn -0.000000 0.000000 -1.000000
vn -0.000000 0.000000 -1.000000
vn -0.628992 -0.713357 -0.309016
vn -0.535053 -0.606817 -0.587785
vn -0.628992 -0.713357 -0.309016
vn -0.535052 -0.606817 -0.587785
vn -0.388738 -0.440879 -0.809017
vn -0.388738 -0.440879 -0.809017
vn -0.204372 -0.231784 -0.951057
vn -0.204372 -0.231784 -0.951057
vn 0.000000 -0.000000 -1.000000
vn -0.000000 0.000000 -1.000000
vn 0.204372 0.231784 -0.951056
vn 0.204372 0.231784 -0.951057
vn 0.388739 0.440879 -0.809017
vn 0.388738 0.440879 -0.809017
vn 0.535052 0.606818 -0.587785
vn 0.535052 0.606818 -0.587785
vn 0.628992 0.713357 -0.309017
vn 0.628992 0.713357 -0.309016
vn 0.661361 0.750067 0.000000
vn 0.661361 0.750068 0.000000
vn 0.628992 0.713357 0.309017
vn 0.628992 0.713357 0.309016
vn 0.535052 0.606817 0.587785
vn 0.535052 0.606817 0.587785
vn 0.388738 0.440879 0.809017
vn 0.388738 0.440878 0.809017
vn 0.204372 0.231784 0.951057
vn 0.204372 0.231784 0.951057
vn -0.000000 -0.000000 1.000000
vn -0.000000 -0.000000 1.000000
vn -0.204372 -0.231784 0.951057
vn -0.204372 -0.231784 0.951057
vn -0.388738 -0.440879 0.809017
vn -0.388738 -0.440879 0.809017
vn -0.535053 -0.606817 0.587785
vn -0.535053 -0.606817 0.587785
vn -0.628992 -0.713356 0.309017
vn -0.628992 -0.713356 0.309017
vn -0.661361 -0.750068 0.000001
vn -0.661361 -0.750067 0.000001
vn -0.750068 0.661361 0.000000
vn -0.750068 0.661361 -0.000000
vn -0.750068 0.661361 0.000000
vn -0.750068 0.661361 0.000000
vn -0.750067 0.661361 0.000000
vn -0.750068 0.661361 0.000000
vn -0.750068 0.661361 0.000000
vn -0.750068 0.661361 0.000000
vn -0.750068 0.661361 0.000000
vn -0.750068 0.661361 0.000000
vn -0.750068 0.661361 0.000000
vn -0.750067 0.661361 -0.000000
vn -0.750068 0.661361 -0.000000
vn -0.750068 0.661361 -0.000000
vn -0.750068 0.661361 -0.000000
vn -0.750068 0.661361 -0.000000
vn -0.750068 0.661361 -0.000000
vn -0.750067 0.661361 -0.000000
vn -0.750068 0.661361 0.000000
vn -0.750068 0.661361 0.000000
vn -0.750068 0.661361 -0.000000
vn 0.750068 -0.661361 0.000000
vn 0.750068 -0.661361 0.000000
vn 0.750068 -0.661361 0.000000
vn 0.750067 -0.661361 0.000000
vn 0.750067 -0.661361 0.000000
vn 0.750068 -0.661361 0.000000
vn 0.750067 -0.661361 0.000000
vn 0.750067 -0.661361 0.000000
vn 0.750068 -0.661361 0.000000
vn 0.750068 -0.661361 0.000000
vn 0.750068 -0.661361 0.000000
vn 0.750068 -0.661361 -0.000000
vn 0.750067 -0.661362 -0.000000
vn 0.750068 -0.661361 0.000000
vn 0.750068 -0.661361 -0.000000
vn 0.750068 -0.661361 -0.000000
vn 0.750068 -0.661361 -0.000000
vn 0.750068 -0.661361 0.000000
vn 0.750068 -0.661361 -0.000000
vn 0.750068 -0.661361 -0.000000
vn 0.750068 -0.661361 0.000000
vn 0.508986 -0.860775 -0.000000
vn 0.218079 -0.975931 -0.000000
vn 0.508984 -0.860776 -0.000000
vn 0.218080 -0.975931 0.000000
vn -0.094174 -0.995556 0.000000
vn -0.094174 -0.995556 0.000000
vn -0.397209 -0.917728 0.000000
vn -0.397208 -0.917729 0.000000
vn -0.661361 -0.750068 0.000000
vn -0.661361 -0.750068 0.000000
vn -0.860776 -0.508985 0.000000
vn -0.860775 -0.508986 0.000000
vn -0.975931 -0.218078 0.000000
vn -0.975931 -0.218080 -0.000000
vn -0.995556 0.094174 -0.000000
vn -0.995556 0.094173 -0.000000
vn -0.917729 0.397208 -0.000000
vn -0.917729 0.397207 -0.000000
vn -0.750068 0.661360 -0.000000
vn -0.750068 0.661360 0.000000
vn -0.508985 0.860775 0.000000
vn -0.508984 0.860776 -0.000000
vn -0.218079 0.975931 -0.000000
vn -0.218079 0.975931 -0.000000
vn 0.094173 0.995556 -0.000000
vn 0.094173 0.995556 -0.000000
vn 0.397209 0.917728 -0.000000
vn 0.397209 0.917728 -0.000000
vn 0.661363 0.750066 0.000000
vn 0.661362 0.750067 0.000000
vn 0.860776 0.508984 0.000000
vn 0.860776 0.508984 0.000000
vn 0.975931 0.218079 0.000000
vn 0.975931 0.218081 0.000000
vn 0.995556 -0.094173 0.000000
vn 0.995556 -0.094174 0.000000
vn 0.917729 -0.397207 0.000000
vn 0.917728 -0.397209 0.000000
vn 0.750069 -0.661360 0.000000
vn 0.750068 -0.661361 -0.000000
vn -0.000004 0.000000 1.000000
vn -0.000004 0.000000 1.000000
vn 0.000000 -0.000000 1.000000
vn 0.000004 0.000000 1.000000
vn 0.000006 -0.000001 1.000000
vn 0.000000 0.000001 1.000000
vn 0.000000 -0.000000 1.000000
vn 0.000002 0.000000 1.000000
vn -0.000000 0.000002 1.000000
vn 0.000000 0.000000 1.000000
vn -0.000004 -0.000002 1.000000
vn -0.000000 -0.000002 1.000000
vn 0.000004 -0.000001 1.000000
vn 0.000000 0.000000 1.000000
vn 0.000002 -0.000001 1.000000
vn 0.000002 -0.000002 1.000000
vn -0.000001 0.000002 1.000000
vn -0.000001 -0.000000 1.000000
vn 0.000000 0.000000 1.000000
vn -0.000001 0.000001 1.000000
vn -0.000002 -0.000002 1.000000
vn 0.000000 0.000000 -1.000000
vn 0.000000 0.000000 -1.000000
vn -0.000000 -0.000000 -1.000000
vn 0.000000 -0.000000 -1.000000
vn 0.000000 -0.000000 -1.000000
vn -0.000000 -0.000000 -1.000000
vn -0.000000 -0.000000 -1.000000
vn -0.000000 -0.000000 -1.000000
vn 0.000000 -0.000000 -1.000000
vn 0.000000 0.000000 -1.000000
vn 0.000000 0.000000 -1.000000
vn 0.000000 0.000000 -1.000000
vn -0.000000 -0.000000 -1.000000
vn -0.000000 -0.000000 -1.000000
vn 0.000000 -0.000000 -1.000000
vn 0.000000 -0.000000 -1.000000
vn 0.000000 -0.000000 -1.000000
vn 0.000000 0.000000 -1.000000
vn 0.000000 -0.000000 -1.000000
vn 0.000000 0.000000 -1.000000
vn 0.000000 0.000000 -1.000000
vn 0.713357 -0.628992 -0.309016
vn 0.606818 -0.535052 -0.587785
vn 0.713357 -0.628992 -0.309016
vn 0.606817 -0.535052 -0.587786
vn 0.440879 -0.388738 -0.809017
vn 0.440879 -0.388738 -0.809017
vn 0.231784 -0.204372 -0.951057
vn 0.231784 -0.204372 -0.951057
vn 0.000000 0.000000 -1.000000
vn -0.000000 0.000000 -1.000000
vn -0.231783 0.204372 -0.951057
vn -0.231784 0.204372 -0.951056
vn -0.440879 0.388738 -0.809017
vn -0.440879 0.388739 -0.809017
vn -0.606817 0.535052 -0.587785
vn -0.606818 0.535052 -0.587785
vn -0.713357 0.628992 -0.309017
vn -0.713357 0.628992 -0.309017
vn -0.750068 0.661361 0.000000
vn -0.750068 0.661361 0.000000
vn -0.713357 0.628992 0.309017
vn -0.713357 0.628992 0.309017
vn -0.606817 0.535052 0.587786
vn -0.606817 0.535052 0.587786
vn -0.440878 0.388738 0.809017
vn -0.440878 0.388738 0.809017
vn -0.231784 0.204372 0.951057
vn -0.231784 0.204372 0.951057
vn 0.000000 -0.000000 1.000000
vn 0.000000 -0.000000 1.000000
vn 0.231784 -0.204372 0.951056
vn 0.231784 -0.204372 0.951057
vn 0.440879 -0.388738 0.809017
vn 0.440878 -0.388738 0.809017
vn 0.606817 -0.535052 0.587785
vn 0.606817 -0.535053 0.587785
vn 0.713357 -0.628992 0.309017
vn 0.713357 -0.628992 0.309017
vn 0.750068 -0.661361 0.000001
vn 0.750067 -0.661361 0.000001
vn -0.661361 -0.750068 0.000000
vn -0.661361 -0.750068 -0.000000
vn -0.661361 -0.750068 -0.000000
vn -0.661361 -0.750068 -0.000000
vn -0.661361 -0.750067 -0.000000
vn -0.661361 -0.750068 0.000000
vn -0.661361 -0.750068 0.000000
vn -0.661361 -0.750068 0.000000
vn -0.661361 -0.750068 0.000000
vn -0.661361 -0.750068 0.000000
vn -0.661361 -0.750068 0.000000
vn -0.661361 -0.750068 0.000000
vn -0.661361 -0.750068 0.000000
vn -0.661361 -0.750068 0.000000
vn -0.661361 -0.750068 0.000000
vn -0.661361 -0.750068 0.000000
vn -0.661361 -0.750068 -0.000000
vn -0.661361 -0.750068 -0.000000
vn -0.661361 -0.750068 -0.000000
vn -0.661361 -0.750068 -0.000000
vn -0.661361 -0.750068 -0.000000
vn 0.661361 0.750068 0.000000
vn 0.661361 0.750068 0.000000
vn 0.661361 0.750068 -0.000000
vn 0.661361 0.750068 0.000000
vn 0.661361 0.750068 0.000000
vn 0.661361 0.750068 0.000000
vn 0.661361 0.750068 0.000000
vn 0.661361 0.750068 0.000000
vn 0.661361 0.750068 0.000000
vn 0.661361 0.750068 0.000000
vn 0.661361 0.750068 0.000000
vn 0.661361 0.750068 -0.000000
vn 0.661361 0.750068 -0.000000
vn 0.661361 0.750068 0.000000
vn 0.661361 0.750068 0.000000
vn 0.661361 0.750068 0.000000
vn 0.661361 0.750068 0.000000
vn 0.661361 0.750068 0.000000
vn 0.661361 0.750068 -0.000000
vn 0.661361 0.750068 -0.000000
vn 0.661361 0.750068 0.000000
vn 0.508986 -0.860775 0.000000
vn 0.218079 -0.975931 0.000000
vn 0.508985 -0.860775 0.000000
vn 0.218079 -0.975931 0.000000
vn -0.094173 -0.995556 0.000000
vn -0.094173 -0.995556 0.000000
vn -0.397209 -0.917728 0.000000
vn -0.397209 -0.917728 0.000000
vn -0.661362 -0.750067 0.000000
vn -0.661362 -0.750067 0.000000
vn -0.860775 -0.508986 0.000000
vn -0.860776 -0.508985 0.000000
vn -0.975931 -0.218079 0.000000
vn -0.975931 -0.218078 0.000000
vn -0.995556 0.094173 0.000000
vn -0.995556 0.094173 0.000000
vn -0.917728 0.397209 0.000000
vn -0.917728 0.397209 0.000000
vn -0.750067 0.661362 0.000000
vn -0.750068 0.661361 0.000000
vn -0.508984 0.860776 0.000000
vn -0.508986 0.860775 0.000000
vn -0.218078 0.975931 0.000000
vn -0.218079 0.975931 0.000000
vn 0.094173 0.995556 0.000000
vn 0.094173 0.995556 0.000000
vn 0.397208 0.917729 0.000000
vn 0.397208 0.917729 0.000000
vn 0.661363 0.750066 0.000000
vn 0.661363 0.750066 0.000000
vn 0.860776 0.508985 0.000000
vn 0.860776 0.508985 0.000000
vn 0.975931 0.218081 0.000000
vn 0.975931 0.218078 0.000000
vn 0.995556 -0.094174 0.000000
vn 0.995556 -0.094174 0.000000
vn 0.917728 -0.397209 0.000000
vn 0.917729 -0.397207 0.000000
vn 0.750068 -0.661361 0.000000
vn 0.750068 -0.661361 0.000000
vn 0.000000 0.000000 1.000000
vn 0.000000 0.000000 1.000000
vn 0.000000 0.000000 1.000000
vn 0.000000 0.000000 1.000000
vn -0.000002 0.000000 1.000000
vn -0.000000 0.000000 1.000000
vn 0.000002 0.000000 1.000000
vn -0.000000 0.000000 1.000000
vn -0.000000 0.000000 1.000000
vn 0.000000 0.000000 1.000000
vn 0.000000 0.000000 1.000000
vn 0.000000 0.000000 1.000000
vn 0.000004 0.000000 1.000000
vn 0.000004 0.000000 1.000000
vn 0.000000 0.000000 1.000000
vn 0.000000 0.000000 1.000000
vn 0.000000 0.000000 1.000000
vn 0.000000 0.000000 1.000000
vn -0.000000 0.000000 1.000000
vn -0.000001 0.000000 1.000000
vn 0.000000 0.000000 1.000000
vn 0.000000 0.000000 -1.000000
vn 0.000000 0.000000 -1.000000
vn -0.000000 0.000000 -1.000000
vn 0.000000 0.000000 -1.000000
vn 0.000000 0.000000 -1.000000
vn 0.000000 0.000000 -1.000000
vn 0.000000 0.000000 -1.000000
vn 0.000000 0.000000 -1.000000
vn -0.000000 0.000000 -1.000000
vn -0.000000 0.000000 -1.000000
vn 0.000000 0.000000 -1.000000
vn 0.000000 0.000000 -1.000000
vn 0.000000 0.000000 -1.000000
vn 0.000000 0.000000 -1.000000
vn 0.000000 0.000000 -1.000000
vn 0.000000 0.000000 -1.000000
vn -0.000000 0.000000 -1.000000
vn 0.000000 0.000000 -1.000000
vn 0.000000 0.000000 -1.000000
vn -0.000000 0.000000 -1.000000
vn -0.000000 0.000000 -1.000000
vn -0.628992 -0.713357 -0.309016
vn -0.535053 -0.606817 -0.587785
vn -0.628992 -0.713357 -0.309016
vn -0.535052 -0.606817 -0.587786
vn -0.388739 -0.440879 -0.809017
vn -0.388738 -0.440878 -0.809017
vn -0.204372 -0.231784 -0.951057
vn -0.204372 -0.231784 -0.951057
vn 0.000000 0.000000 -1.000000
vn -0.000000 0.000000 -1.000000
vn 0.204372 0.231784 -0.951057
vn 0.204372 0.231784 -0.951057
vn 0.388738 0.440879 -0.809017
vn 0.388738 0.440879 -0.809017
vn 0.535053 0.606817 -0.587785
vn 0.535052 0.606818 -0.587785
vn 0.628992 0.713357 -0.309017
vn 0.628992 0.713357 -0.309017
vn 0.661361 0.750068 0.000000
vn 0.661362 0.750067 0.000000
vn 0.628992 0.713357 0.309017
vn 0.628992 0.713356 0.309017
vn 0.535052 0.606817 0.587785
vn 0.535052 0.606817 0.587786
vn 0.388738 0.440879 0.809017
vn 0.388738 0.440878 0.809017
vn 0.204372 0.231784 0.951057
vn 0.204372 0.231784 0.951057
vn -0.000000 -0.000000 1.000000
vn 0.000000 -0.000000 1.000000
vn -0.204372 -0.231784 0.951057
vn -0.204372 -0.231784 0.951057
vn -0.388739 -0.440879 0.809017
vn -0.388738 -0.440878 0.809017
vn -0.535053 -0.606817 0.587786
vn -0.535053 -0.606817 0.587785
vn -0.628992 -0.713356 0.309017
vn -0.628992 -0.713357 0.309017
vn -0.661361 -0.750068 0.000001
vn -0.661361 -0.750067 0.000001
vn -0.750068 0.661361 0.000000
vn -0.750068 0.661361 0.000000
vn -0.750068 0.661361 0.000000
vn -0.750067 0.661362 -0.000000
vn -0.750068 0.661361 -0.000000
vn -0.750068 0.661361 0.000000
vn -0.750067 0.661361 0.000000
vn -0.750068 0.661361 0.000000
vn -0.750068 0.661361 -0.000000
vn -0.750068 0.661361 0.000000
vn -0.750068 0.661361 0.000000
vn -0.750068 0.661361 0.000000
vn -0.750067 0.661362 -0.000000
vn -0.750067 0.661361 -0.000000
vn -0.750068 0.661361 0.000000
vn -0.750068 0.661361 0.000000
vn -0.750068 0.661361 0.000000
vn -0.750068 0.661361 -0.000000
vn -0.750068 0.661361 0.000000
vn -0.750068 0.661361 0.000000
vn -0.750068 0.661361 -0.000001
vn 0.750068 -0.661361 -0.000000
vn 0.750068 -0.661361 -0.000000
vn 0.750068 -0.661361 -0.000000
vn 0.750068 -0.661361 0.000000
vn 0.750068 -0.661361 0.000000
vn 0.750067 -0.661362 0.000000
vn 0.750068 -0.661361 -0.000000
vn 0.750068 -0.661361 -0.000000
vn 0.750067 -0.661361 0.000000
vn 0.750068 -0.661361 0.000000
vn 0.750068 -0.661361 0.000000
vn 0.750068 -0.661361 0.000000
vn 0.750068 -0.661361 0.000000
vn 0.750068 -0.661361 0.000000
vn 0.750068 -0.661361 -0.000000
vn 0.750067 -0.661361 -0.000000
vn 0.750068 -0.661361 -0.000000
vn 0.750068 -0.661361 0.000000
vn 0.750068 -0.661361 -0.000000
vn 0.750068 -0.661361 -0.000000
vn 0.750068 -0.661361 0.000000
vn 0.508985 -0.860775 0.000000
vn 0.218078 -0.975932 0.000000
vn 0.508985 -0.860776 0.000000
vn 0.218078 -0.975932 0.000000
vn -0.094175 -0.995556 0.000000
vn -0.094175 -0.995556 0.000000
vn -0.397208 -0.917729 0.000000
vn -0.397207 -0.917729 0.000000
vn -0.661361 -0.750068 0.000000
vn -0.661362 -0.750067 0.000000
vn -0.860775 -0.508986 0.000000
vn -0.860776 -0.508983 0.000000
vn -0.975931 -0.218082 0.000000
vn -0.975931 -0.218079 0.000000
vn -0.995556 0.094173 0.000000
vn -0.995556 0.094174 0.000000
vn -0.917728 0.397209 0.000000
vn -0.917728 0.397209 0.000000
vn -0.750068 0.661361 0.000000
vn -0.750067 0.661361 0.000000
vn -0.508984 0.860776 0.000000
vn -0.508985 0.860776 0.000000
vn -0.218080 0.975931 0.000000
vn -0.218079 0.975931 -0.000000
vn 0.094173 0.995556 -0.000000
vn 0.094175 0.995556 -0.000000
vn 0.397207 0.917729 -0.000000
vn 0.397208 0.917729 -0.000000
vn 0.661361 0.750068 -0.000000
vn 0.661361 0.750068 -0.000000
vn 0.860777 0.508982 -0.000000
vn 0.860775 0.508986 -0.000000
vn 0.975932 0.218076 -0.000000
vn 0.975931 0.218082 -0.000000
vn 0.995556 -0.094175 -0.000000
vn 0.995556 -0.094173 0.000000
vn 0.917729 -0.397207 0.000000
vn 0.917729 -0.397208 0.000000
vn 0.750069 -0.661359 0.000000
vn 0.750068 -0.661360 0.000000
vn 0.000004 0.000000 1.000000
vn 0.000000 0.000000 1.000000
vn 0.000000 -0.000000 1.000000
vn 0.000004 0.000000 1.000000
vn 0.000002 -0.000001 1.000000
vn 0.000000 0.000001 1.000000
vn -0.000001 0.000000 1.000000
vn 0.000001 0.000000 1.000000
vn 0.000000 0.000002 1.000000
vn 0.000000 0.000000 1.000000
vn -0.000004 -0.000002 1.000000
vn -0.000000 -0.000002 1.000000
vn 0.000007 -0.000001 1.000000
vn -0.000000 -0.000000 1.000000
vn -0.000002 -0.000001 1.000000
vn 0.000002 -0.000002 1.000000
vn -0.000001 0.000002 1.000000
vn -0.000001 -0.000000 1.000000
vn -0.000000 0.000000 1.000000
vn -0.000002 0.000001 1.000000
vn -0.000002 -0.000002 1.000000
vn 0.000000 0.000000 -1.000000
vn 0.000000 0.000000 -1.000000
vn 0.000000 -0.000000 -1.000000
vn 0.000000 -0.000000 -1.000000
vn 0.000000 -0.000000 -1.000000
vn 0.000000 -0.000000 -1.000000
vn 0.000000 -0.000000 -1.000000
vn 0.000000 -0.000000 -1.000000
vn 0.000000 -0.000000 -1.000000
vn 0.000000 0.000000 -1.000000
vn 0.000000 0.000000 -1.000000
vn -0.000000 0.000000 -1.000000
vn -0.000000 -0.000000 -1.000000
vn -0.000000 -0.000000 -1.000000
vn 0.000000 -0.000000 -1.000000
vn 0.000000 -0.000000 -1.000000
vn 0.000000 -0.000000 -1.000000
vn 0.000000 0.000000 -1.000000
vn 0.000000 -0.000000 -1.000000
vn 0.000000 0.000000 -1.000000
vn 0.000000 0.000000 -1.000000
vn 0.713357 -0.628992 -0.309016
vn 0.606817 -0.535052 -0.587786
vn 0.713357 -0.628992 -0.309016
vn 0.606817 -0.535052 -0.587786
vn 0.440879 -0.388738 -0.809017
vn 0.440879 -0.388738 -0.809017
vn 0.231784 -0.204372 -0.951057
vn 0.231783 -0.204372 -0.951057
vn 0.000000 0.000000 -1.000000
vn -0.000000 -0.000000 -1.000000
vn -0.231784 0.204372 -0.951057
vn -0.231784 0.204372 -0.951056
vn -0.440879 0.388738 -0.809017
vn -0.440879 0.388738 -0.809017
vn -0.606817 0.535053 -0.587785
vn -0.606818 0.535052 -0.587785
vn -0.713356 0.628992 -0.309017
vn -0.713357 0.628992 -0.309017
vn -0.750067 0.661362 0.000000
vn -0.750067 0.661361 0.000000
vn -0.713356 0.628992 0.309017
vn -0.713357 0.628992 0.309017
vn -0.606817 0.535053 0.587785
vn -0.606817 0.535052 0.587786
vn -0.440878 0.388739 0.809017
vn -0.440879 0.388738 0.809017
vn -0.231784 0.204372 0.951057
vn -0.231784 0.204372 0.951057
vn -0.000000 -0.000000 1.000000
vn 0.000000 -0.000000 1.000000
vn 0.231784 -0.204372 0.951057
vn 0.231784 -0.204372 0.951057
vn 0.440879 -0.388738 0.809017
vn 0.440879 -0.388738 0.809017
vn 0.606817 -0.535053 0.587785
vn 0.606817 -0.535053 0.587785
vn 0.713357 -0.628992 0.309017
vn 0.713357 -0.628992 0.309017
vn 0.750068 -0.661361 0.000001
vn 0.750068 -0.661361 0.000001
vn -0.661361 -0.750068 0.000000
vn -0.661361 -0.750068 0.000000
vn -0.661361 -0.750068 0.000000
vn -0.661361 -0.750068 0.000000
vn -0.661361 -0.750068 0.000000
vn -0.661361 -0.750068 0.000000
vn -0.661361 -0.750067 0.000000
vn -0.661361 -0.750068 0.000000
vn -0.661361 -0.750068 0.000000
vn -0.661361 -0.750068 0.000000
vn -0.661361 -0.750068 0.000000
vn -0.661361 -0.750068 0.000000
vn -0.661361 -0.750068 0.000000
vn -0.661361 -0.750068 0.000000
vn -0.661361 -0.750068 0.000000
vn -0.661361 -0.750068 0.000000
vn -0.661361 -0.750068 -0.000000
vn -0.661361 -0.750068 -0.000000
vn -0.661361 -0.750068 -0.000000
vn -0.661361 -0.750068 0.000000
vn -0.661361 -0.750068 0.000001
vn 0.661361 0.750068 0.000000
vn 0.661361 0.750068 0.000000
vn 0.661361 0.750068 0.000000
vn 0.661361 0.750068 0.000000
vn 0.661361 0.750067 0.000000
vn 0.661361 0.750068 0.000000
vn 0.661361 0.750068 -0.000000
vn 0.661361 0.750068 0.000000
vn 0.661361 0.750068 0.000000
vn 0.661361 0.750068 0.000000
vn 0.661361 0.750068 0.000000
vn 0.661361 0.750068 0.000000
vn 0.661361 0.750068 0.000000
vn 0.661361 0.750068 0.000000
vn 0.661361 0.750068 0.000000
vn 0.661361 0.750068 0.000000
vn 0.661361 0.750067 0.000000
vn 0.661361 0.750068 0.000000
vn 0.661361 0.750068 0.000000
vn 0.661361 0.750068 0.000000
vn 0.661361 0.750068 0.000000
vn -0.327104 -0.668208 0.668208
vn -0.331639 -0.331639 0.883194
vn -0.577350 -0.577350 0.577350
vn -0.668208 -0.327104 0.668208
vn -0.327104 0.668208 0.668208
vn -0.331639 0.883194 0.331639
vn -0.577350 0.577350 0.577350
vn -0.668208 0.668208 0.327104
vn -0.327104 0.668208 -0.668208
vn -0.331639 0.331639 -0.883194
vn -0.577350 0.577350 -0.577350
vn -0.668208 0.327104 -0.668208
vn -0.327104 -0.668208 -0.668208
vn -0.331639 -0.883194 -0.331639
vn -0.577350 -0.577350 -0.577350
vn -0.668208 -0.668208 -0.327104
vn 0.668208 -0.668208 0.327104
vn 0.883194 -0.331639 0.331639
vn 0.577350 -0.577350 0.577350
vn 0.668208 -0.327104 0.668208
vn -0.883194 -0.331638 -0.331639
vn -0.668208 -0.327104 -0.668208
vn -0.707107 0.707107 0.000000
vn -0.939949 0.341314 -0.000000
vn -0.883194 0.331638 0.331639
vn -0.707107 -0.000000 0.707107
vn -0.939949 -0.000000 0.341314
vn -0.883194 -0.331638 0.331639
vn -0.707107 -0.000000 -0.707107
vn -0.939949 0.000000 -0.341314
vn -0.883194 0.331638 -0.331639
vn 0.707107 0.707107 0.000000
vn 0.939949 0.341314 0.000000
vn 0.668208 0.668208 -0.327104
vn 0.883194 0.331638 -0.331639
vn 0.707107 0.000000 -0.707107
vn 0.939949 -0.000000 -0.341314
vn 0.668208 -0.327104 -0.668208
vn 0.883194 -0.331638 -0.331639
vn 0.707107 -0.000000 0.707107
vn 0.939949 0.000000 0.341314
vn 0.668208 0.327104 0.668208
vn 0.883194 0.331638 0.331639
vn 0.000000 -0.707107 0.707107
vn -0.000000 -0.939949 0.341314
vn 0.327104 -0.668208 0.668208
vn 0.331639 -0.883194 0.331638
vn 0.707107 -0.707107 -0.000000
vn 0.341314 -0.939949 -0.000000
vn 0.668208 -0.668208 -0.327104
vn 0.331639 -0.883194 -0.331638
vn -0.707107 -0.707107 0.000000
vn -0.341314 -0.939949 0.000000
vn -0.668208 -0.668208 0.327104
vn -0.331639 -0.883194 0.331639
vn 0.000000 -0.707107 -0.707107
vn 0.000000 -0.341314 -0.939949
vn 0.327104 -0.668208 -0.668208
vn 0.331638 -0.331639 -0.883194
vn 0.341314 -0.000000 -0.939949
vn 0.668208 0.327104 -0.668208
vn 0.331639 0.331639 -0.883194
vn -0.341314 0.000000 -0.939949
vn -0.331639 -0.331639 -0.883194
vn 0.000000 0.707107 -0.707107
vn -0.000000 0.939949 -0.341314
vn 0.327104 0.668208 -0.668208
vn 0.331639 0.883194 -0.331638
vn 0.341314 0.939949 0.000000
vn 0.668208 0.668208 0.327104
vn 0.331639 0.883194 0.331638
vn -0.341314 0.939949 -0.000000
vn -0.668208 0.668208 -0.327104
vn -0.331639 0.883194 -0.331639
vn 0.000000 0.707107 0.707107
vn 0.000000 0.341314 0.939949
vn 0.327104 0.668208 0.668208
vn 0.331638 0.331639 0.883194
vn 0.341314 0.000000 0.939949
vn 0.331639 -0.331639 0.883194
vn -0.341314 0.000000 0.939949
vn -0.668208 0.327104 0.668208
vn -0.331638 0.331639 0.883194
vn 0.000000 0.000000 1.000000
vn 0.000000 -0.341314 0.939949
vn 0.577350 0.577350 0.577350
vn -0.000000 1.000000 -0.000000
vn -0.000000 0.939949 0.341314
vn 0.577350 0.577350 -0.577350
vn 0.000000 -0.000000 -1.000000
vn 0.000000 0.341314 -0.939949
vn 0.577350 -0.577350 -0.577350
vn -0.000000 -1.000000 0.000000
vn -0.000000 -0.939949 -0.341314
vn 1.000000 0.000000 0.000000
vn 0.939949 -0.341314 -0.000000
vn -1.000000 0.000000 -0.000000
vn -0.939949 -0.341314 0.000000
vn -1.000000 0.000000 0.000000
vn -1.000000 0.000000 0.000000
vn -1.000000 0.000000 0.000000
vn -1.000000 0.000000 0.000000
vn 0.000000 -0.951706 -0.307013
vn 0.000000 -0.951705 -0.307013
vn 0.000000 -0.951706 -0.307013
vn 0.000000 -0.951706 -0.307013
vn -0.000000 -0.951706 -0.307013
vn -0.000000 -0.951706 -0.307013
vn -0.000000 -0.951706 -0.307012
vn 0.000000 -0.951706 -0.307012
vn 1.000000 0.000000 0.000000
vn 1.000000 0.000000 0.000000
vn 1.000000 0.000000 0.000000
vn 1.000000 0.000000 0.000000
vn 0.000000 0.937976 -0.346700
vn 0.000000 0.937976 -0.346700
vn 0.000000 0.937976 -0.346700
vn 0.000000 0.937976 -0.346700
vn 0.000000 0.937976 -0.346700
vn 0.000000 0.937976 -0.346700
vn 0.000000 0.937976 -0.346700
vn 0.000000 0.937976 -0.346700
vn 0.000000 0.000000 -1.000000
vn 0.000000 0.000000 -1.000000
vn 0.000000 0.000000 -1.000000
vn 0.000000 0.000000 -1.000000
vn 0.000000 0.000000 -1.000000
vn 0.000000 0.000000 -1.000000
vn 0.000000 0.000000 -1.000000
vn 0.000000 0.000000 -1.000000
vn -1.000000 0.000000 0.000000
vn -1.000000 0.000000 0.000000
vn -1.000000 0.000000 0.000000
vn -1.000000 0.000000 0.000000
vn 1.000000 0.000000 0.000000
vn 1.000000 0.000000 0.000000
vn 1.000000 0.000000 0.000000
vn 1.000000 0.000000 0.000000
s 1
g polySurface13
usemtl bakedSG
f 1/1/1 2/2/2 21/3/3
f 21/3/3 2/2/2 22/4/4
f 2/2/2 3/6/5 22/4/4
f 22/4/4 3/6/5 23/8/6
f 3/6/5 4/10/7 23/8/6
f 23/8/6 4/10/7 24/12/8
f 4/10/7 5/13/9 24/12/8
f 24/12/8 5/13/9 25/14/10
f 5/13/9 6/15/11 25/14/10
f 25/14/10 6/15/11 26/16/12
f 6/17/11 7/18/13 26/19/12
f 26/19/12 7/18/13 27/20/14
f 7/18/13 8/21/15 27/20/14
f 27/20/14 8/21/15 28/22/16
f 8/21/15 9/23/17 28/22/16
f 28/22/16 9/23/17 29/24/18
f 9/23/17 10/25/19 29/24/18
f 29/24/18 10/25/19 30/26/20
f 10/25/19 11/27/21 30/26/20
f 30/26/20 11/27/21 31/28/22
f 11/29/21 12/30/23 31/31/22
f 31/31/22 12/30/23 32/32/24
f 12/30/23 13/33/25 32/32/24
f 32/32/24 13/33/25 33/34/26
f 13/33/25 14/35/27 33/34/26
f 33/34/26 14/35/27 34/36/28
f 14/35/27 15/37/29 34/36/28
f 34/36/28 15/37/29 35/38/30
f 15/37/29 16/39/31 35/38/30
f 35/38/30 16/39/31 36/40/32
f 16/41/31 17/42/33 36/43/32
f 36/43/32 17/42/33 37/44/34
f 17/42/33 18/45/35 37/44/34
f 37/44/34 18/45/35 38/46/36
f 18/45/35 19/47/37 38/46/36
f 38/46/36 19/47/37 39/48/38
f 19/11/37 20/7/39 39/9/38
f 39/9/38 20/7/39 40/5/40
f 20/7/39 1/1/1 40/5/40
f 40/5/40 1/1/1 21/3/3
s 2
f 2/49/41 1/50/42 41/51/43
f 3/53/44 2/49/41 41/51/43
f 4/55/45 3/53/44 41/51/43
f 5/57/46 4/55/45 41/51/43
f 6/59/47 5/57/46 41/51/43
f 7/61/48 6/59/47 41/51/43
f 8/63/49 7/61/48 41/51/43
f 9/65/50 8/63/49 41/51/43
f 10/67/51 9/65/50 41/51/43
f 11/69/52 10/67/51 41/51/43
f 12/68/53 11/69/52 41/51/43
f 13/66/54 12/68/53 41/51/43
f 14/64/55 13/66/54 41/51/43
f 15/62/56 14/64/55 41/51/43
f 16/60/57 15/62/56 41/51/43
f 17/58/58 16/60/57 41/51/43
f 18/56/59 17/58/58 41/51/43
f 19/54/60 18/56/59 41/51/43
f 20/52/61 19/54/60 41/51/43
f 1/50/42 20/52/61 41/51/43
s 3
f 21/70/62 22/71/63 42/72/64
f 22/71/63 23/73/65 42/72/64
f 23/73/65 24/75/66 42/72/64
f 24/75/66 25/77/67 42/72/64
f 25/77/67 26/79/68 42/72/64
f 26/79/68 27/81/69 42/72/64
f 27/81/69 28/83/70 42/72/64
f 28/83/70 29/85/71 42/72/64
f 29/85/71 30/87/72 42/72/64
f 30/87/72 31/89/73 42/72/64
f 31/89/73 32/90/74 42/72/64
f 32/90/74 33/88/75 42/72/64
f 33/88/75 34/86/76 42/72/64
f 34/86/76 35/84/77 42/72/64
f 35/84/77 36/82/78 42/72/64
f 36/82/78 37/80/79 42/72/64
f 37/80/79 38/78/80 42/72/64
f 38/78/80 39/76/81 42/72/64
f 39/76/81 40/74/82 42/72/64
f 40/74/82 21/70/62 42/72/64
s 4
f 43/663/83 44/664/84 63/665/85
f 63/665/85 44/664/84 64/666/86
f 44/97/84 45/91/87 64/95/86
f 64/95/86 45/91/87 65/93/88
f 45/91/87 46/92/89 65/93/88
f 65/93/88 46/92/89 66/94/90
f 46/92/89 47/96/91 66/94/90
f 66/94/90 47/96/91 67/98/92
f 47/96/91 48/99/93 67/98/92
f 67/98/92 48/99/93 68/100/94
f 48/99/93 49/101/95 68/100/94
f 68/100/94 49/101/95 69/102/96
f 49/101/95 50/103/97 69/102/96
f 69/102/96 50/103/97 70/104/98
f 50/690/97 51/691/99 70/692/98
f 70/692/98 51/691/99 71/694/100
f 51/691/99 52/696/101 71/694/100
f 71/694/100 52/696/101 72/699/102
f 52/696/101 53/698/103 72/699/102
f 72/699/102 53/698/103 73/703/104
f 53/698/103 54/701/105 73/703/104
f 73/703/104 54/701/105 74/706/106
f 54/111/105 55/105/107 74/109/106
f 74/109/106 55/105/107 75/107/108
f 55/105/107 56/106/109 75/107/108
f 75/107/108 56/106/109 76/108/110
f 56/106/109 57/110/111 76/108/110
f 76/108/110 57/110/111 77/112/112
f 57/110/111 58/113/113 77/112/112
f 77/112/112 58/113/113 78/114/114
f 58/113/113 59/115/115 78/114/114
f 78/114/114 59/115/115 79/116/116
f 59/115/115 60/117/117 79/116/116
f 79/116/116 60/117/117 80/118/118
f 60/679/117 61/673/119 80/674/118
f 80/674/118 61/673/119 81/671/120
f 61/673/119 62/669/121 81/671/120
f 81/671/120 62/669/121 82/667/122
f 62/669/121 43/663/83 82/667/122
f 82/667/122 43/663/83 63/665/85
s 5
f 44/708/123 43/710/124 83/693/125
f 45/705/126 44/708/123 83/693/125
f 46/702/127 45/705/126 83/693/125
f 47/700/128 46/702/127 83/693/125
f 48/697/129 47/700/128 83/693/125
f 49/695/130 48/697/129 83/693/125
f 50/690/131 49/695/130 83/693/125
f 51/691/132 50/690/131 83/693/125
f 52/696/133 51/691/132 83/693/125
f 53/698/134 52/696/133 83/693/125
f 54/701/135 53/698/134 83/693/125
f 55/704/136 54/701/135 83/693/125
f 56/707/137 55/704/136 83/693/125
f 57/709/138 56/707/137 83/693/125
f 58/711/139 57/709/138 83/693/125
f 59/713/140 58/711/139 83/693/125
f 60/714/141 59/713/140 83/693/125
f 61/715/142 60/714/141 83/693/125
f 62/669/143 61/673/142 83/676/125
f 43/710/124 62/712/143 83/693/125
s 6
f 63/665/144 64/666/145 84/668/146
f 64/666/145 65/670/147 84/668/146
f 65/670/147 66/672/148 84/668/146
f 66/672/148 67/675/149 84/668/146
f 67/675/149 68/678/150 84/668/146
f 68/678/150 69/681/151 84/668/146
f 69/681/151 70/683/152 84/668/146
f 70/683/152 71/685/153 84/668/146
f 71/685/153 72/687/154 84/668/146
f 72/687/154 73/689/155 84/668/146
f 73/689/155 74/688/156 84/668/146
f 74/688/156 75/686/157 84/668/146
f 75/686/157 76/684/158 84/668/146
f 76/684/158 77/682/159 84/668/146
f 77/682/159 78/680/160 84/668/146
f 78/680/160 79/677/161 84/668/146
f 79/677/161 80/674/162 84/668/146
f 80/674/162 81/671/163 84/668/146
f 81/671/163 82/667/164 84/668/146
f 82/667/164 63/665/144 84/668/146
s 7
f 85/119/165 86/120/166 105/121/167
f 105/121/167 86/120/166 106/122/168
f 86/120/166 87/124/169 106/122/168
f 106/122/168 87/124/169 107/126/170
f 87/124/169 88/128/171 107/126/170
f 107/126/170 88/128/171 108/130/172
f 88/128/171 89/131/173 108/130/172
f 108/130/172 89/131/173 109/132/174
f 89/131/173 90/133/175 109/132/174
f 109/132/174 90/133/175 110/134/176
f 90/135/175 91/136/177 110/137/176
f 110/137/176 91/136/177 111/138/178
f 91/136/177 92/139/179 111/138/178
f 111/138/178 92/139/179 112/140/180
f 92/139/179 93/141/181 112/140/180
f 112/140/180 93/141/181 113/142/182
f 93/141/181 94/143/183 113/142/182
f 113/142/182 94/143/183 114/144/184
f 94/143/183 95/145/185 114/144/184
f 114/144/184 95/145/185 115/146/186
f 95/147/185 96/148/187 115/149/186
f 115/149/186 96/148/187 116/150/188
f 96/148/187 97/151/189 116/150/188
f 116/150/188 97/151/189 117/152/190
f 97/151/189 98/153/191 117/152/190
f 117/152/190 98/153/191 118/154/192
f 98/153/191 99/155/193 118/154/192
f 118/154/192 99/155/193 119/156/194
f 99/155/193 100/157/195 119/156/194
f 119/156/194 100/157/195 120/158/196
f 100/159/195 101/160/197 120/161/196
f 120/161/196 101/160/197 121/162/198
f 101/160/197 102/163/199 121/162/198
f 121/162/198 102/163/199 122/164/200
f 102/163/199 103/165/201 122/164/200
f 122/164/200 103/165/201 123/166/202
f 103/129/201 104/125/203 123/127/202
f 123/127/202 104/125/203 124/123/204
f 104/125/203 85/119/165 124/123/204
f 124/123/204 85/119/165 105/121/167
s 8
f 86/167/205 85/168/206 125/169/207
f 87/171/208 86/167/205 125/169/207
f 88/173/209 87/171/208 125/169/207
f 89/175/210 88/173/209 125/169/207
f 90/177/211 89/175/210 125/169/207
f 91/179/212 90/177/211 125/169/207
f 92/181/213 91/179/212 125/169/207
f 93/183/214 92/181/213 125/169/207
f 94/185/215 93/183/214 125/169/207
f 95/187/216 94/185/215 125/169/207
f 96/186/217 95/187/216 125/169/207
f 97/184/218 96/186/217 125/169/207
f 98/182/219 97/184/218 125/169/207
f 99/180/220 98/182/219 125/169/207
f 100/178/221 99/180/220 125/169/207
f 101/176/222 100/178/221 125/169/207
f 102/174/223 101/176/222 125/169/207
f 103/172/224 102/174/223 125/169/207
f 104/170/225 103/172/224 125/169/207
f 85/168/206 104/170/225 125/169/207
s 9
f 105/188/226 106/189/227 126/190/228
f 106/189/227 107/191/229 126/190/228
f 107/191/229 108/193/230 126/190/228
f 108/193/230 109/195/231 126/190/228
f 109/195/231 110/197/232 126/190/228
f 110/197/232 111/199/233 126/190/228
f 111/199/233 112/201/234 126/190/228
f 112/201/234 113/203/235 126/190/228
f 113/203/235 114/205/236 126/190/228
f 114/205/236 115/207/237 126/190/228
f 115/207/237 116/208/238 126/190/228
f 116/208/238 117/206/239 126/190/228
f 117/206/239 118/204/240 126/190/228
f 118/204/240 119/202/241 126/190/228
f 119/202/241 120/200/242 126/190/228
f 120/200/242 121/198/243 126/190/228
f 121/198/243 122/196/244 126/190/228
f 122/196/244 123/194/245 126/190/228
f 123/194/245 124/192/246 126/190/228
f 124/192/246 105/188/226 126/190/228
s 10
f 127/716/247 128/717/248 147/718/249
f 147/718/249 128/717/248 148/720/250
f 128/215/248 129/209/251 148/213/250
f 148/213/250 129/209/251 149/211/252
f 129/209/251 130/210/253 149/211/252
f 149/211/252 130/210/253 150/212/254
f 130/210/253 131/214/255 150/212/254
f 150/212/254 131/214/255 151/216/256
f 131/214/255 132/217/257 151/216/256
f 151/216/256 132/217/257 152/218/258
f 132/217/257 133/219/259 152/218/258
f 152/218/258 133/219/259 153/220/260
f 133/219/259 134/221/261 153/220/260
f 153/220/260 134/221/261 154/222/262
f 134/743/261 135/744/263 154/745/262
f 154/745/262 135/744/263 155/746/264
f 135/744/263 136/747/265 155/746/264
f 155/746/264 136/747/265 156/748/266
f 136/747/265 137/749/267 156/748/266
f 156/748/266 137/749/267 157/750/268
f 137/749/267 138/751/269 157/750/268
f 157/750/268 138/751/269 158/752/270
f 138/229/269 139/223/271 158/227/270
f 158/227/270 139/223/271 159/225/272
f 139/223/271 140/224/273 159/225/272
f 159/225/272 140/224/273 160/226/274
f 140/224/273 141/228/275 160/226/274
f 160/226/274 141/228/275 161/230/276
f 141/228/275 142/231/277 161/230/276
f 161/230/276 142/231/277 162/232/278
f 142/231/277 143/233/279 162/232/278
f 162/232/278 143/233/279 163/234/280
f 143/233/279 144/235/281 163/234/280
f 163/234/280 144/235/281 164/236/282
f 144/727/281 145/724/283 164/730/282
f 164/730/282 145/724/283 165/726/284
f 145/724/283 146/722/285 165/726/284
f 165/726/284 146/722/285 166/721/286
f 146/722/285 127/716/247 166/721/286
f 166/721/286 127/716/247 147/718/249
s 11
f 128/717/287 127/716/288 167/719/289
f 129/723/290 128/717/287 167/719/289
f 130/725/291 129/723/290 167/719/289
f 131/728/292 130/725/291 167/719/289
f 132/732/293 131/728/292 167/719/289
f 133/734/294 132/732/293 167/719/289
f 134/736/295 133/734/294 167/719/289
f 135/738/296 134/736/295 167/719/289
f 136/740/297 135/738/296 167/719/289
f 137/742/298 136/740/297 167/719/289
f 138/741/299 137/742/298 167/719/289
f 139/739/300 138/741/299 167/719/289
f 140/737/301 139/739/300 167/719/289
f 141/735/302 140/737/301 167/719/289
f 142/733/303 141/735/302 167/719/289
f 143/731/304 142/733/303 167/719/289
f 144/727/305 143/731/304 167/719/289
f 145/724/306 144/727/305 167/719/289
f 146/722/307 145/724/306 167/719/289
f 127/716/288 146/722/307 167/719/289
s 12
f 147/753/308 148/754/309 168/755/310
f 148/754/309 149/756/311 168/755/310
f 149/756/311 150/758/312 168/755/310
f 150/758/312 151/759/313 168/755/310
f 151/759/313 152/760/314 168/755/310
f 152/760/314 153/761/315 168/755/310
f 153/761/315 154/762/316 168/755/310
f 154/762/316 155/763/317 168/755/310
f 155/763/317 156/764/318 168/755/310
f 156/764/318 157/765/319 168/755/310
f 157/765/319 158/766/320 168/755/310
f 158/766/320 159/767/321 168/755/310
f 159/767/321 160/768/322 168/755/310
f 160/768/322 161/769/323 168/755/310
f 161/769/323 162/770/324 168/755/310
f 162/770/324 163/771/325 168/755/310
f 163/771/325 164/772/326 168/755/310
f 164/730/326 165/726/327 168/729/310
f 165/726/327 166/721/328 168/729/310
f 166/757/328 147/753/308 168/755/310
s 13
f 169/237/329 170/238/330 189/239/331
f 189/239/331 170/238/330 190/240/332
f 170/238/330 171/242/333 190/240/332
f 190/240/332 171/242/333 191/244/334
f 171/242/333 172/246/335 191/244/334
f 191/244/334 172/246/335 192/248/336
f 172/246/335 173/249/337 192/248/336
f 192/248/336 173/249/337 193/250/338
f 173/249/337 174/251/339 193/250/338
f 193/250/338 174/251/339 194/252/340
f 174/253/339 175/254/341 194/255/340
f 194/255/340 175/254/341 195/256/342
f 175/254/341 176/257/343 195/256/342
f 195/256/342 176/257/343 196/258/344
f 176/257/343 177/259/345 196/258/344
f 196/258/344 177/259/345 197/260/346
f 177/259/345 178/261/347 197/260/346
f 197/260/346 178/261/347 198/262/348
f 178/261/347 179/263/349 198/262/348
f 198/262/348 179/263/349 199/264/350
f 179/265/349 180/266/351 199/267/350
f 199/267/350 180/266/351 200/268/352
f 180/266/351 181/269/353 200/268/352
f 200/268/352 181/269/353 201/270/354
f 181/269/353 182/271/355 201/270/354
f 201/270/354 182/271/355 202/272/356
f 182/271/355 183/273/357 202/272/356
f 202/272/356 183/273/357 203/274/358
f 183/273/357 184/275/359 203/274/358
f 203/274/358 184/275/359 204/276/360
f 184/277/359 185/278/361 204/279/360
f 204/279/360 185/278/361 205/280/362
f 185/278/361 186/281/363 205/280/362
f 205/280/362 186/281/363 206/282/364
f 186/281/363 187/283/365 206/282/364
f 206/282/364 187/283/365 207/284/366
f 187/247/365 188/243/367 207/245/366
f 207/245/366 188/243/367 208/241/368
f 188/243/367 169/237/329 208/241/368
f 208/241/368 169/237/329 189/239/331
s 14
f 170/285/369 169/286/370 209/287/371
f 171/289/372 170/285/369 209/287/371
f 172/291/373 171/289/372 209/287/371
f 173/293/374 172/291/373 209/287/371
f 174/295/375 173/293/374 209/287/371
f 175/297/376 174/295/375 209/287/371
f 176/299/377 175/297/376 209/287/371
f 177/301/378 176/299/377 209/287/371
f 178/303/379 177/301/378 209/287/371
f 179/305/380 178/303/379 209/287/371
f 180/304/381 179/305/380 209/287/371
f 181/302/382 180/304/381 209/287/371
f 182/300/383 181/302/382 209/287/371
f 183/298/384 182/300/383 209/287/371
f 184/296/385 183/298/384 209/287/371
f 185/294/386 184/296/385 209/287/371
f 186/292/387 185/294/386 209/287/371
f 187/290/388 186/292/387 209/287/371
f 188/288/389 187/290/388 209/287/371
f 169/286/370 188/288/389 209/287/371
s 15
f 189/306/390 190/307/391 210/308/392
f 190/307/391 191/309/393 210/308/392
f 191/309/393 192/311/394 210/308/392
f 192/311/394 193/313/395 210/308/392
f 193/313/395 194/315/396 210/308/392
f 194/315/396 195/317/397 210/308/392
f 195/317/397 196/319/398 210/308/392
f 196/319/398 197/321/399 210/308/392
f 197/321/399 198/323/400 210/308/392
f 198/323/400 199/325/401 210/308/392
f 199/325/401 200/326/402 210/308/392
f 200/326/402 201/324/403 210/308/392
f 201/324/403 202/322/404 210/308/392
f 202/322/404 203/320/405 210/308/392
f 203/320/405 204/318/406 210/308/392
f 204/318/406 205/316/407 210/308/392
f 205/316/407 206/314/408 210/308/392
f 206/314/408 207/312/409 210/308/392
f 207/312/409 208/310/410 210/308/392
f 208/310/410 189/306/390 210/308/392
s 16
f 211/773/411 212/774/412 231/775/413
f 231/775/413 212/774/412 232/776/414
f 212/333/412 213/327/415 232/331/414
f 232/331/414 213/327/415 233/329/416
f 213/327/415 214/328/417 233/329/416
f 233/329/416 214/328/417 234/330/418
f 214/328/417 215/332/419 234/330/418
f 234/330/418 215/332/419 235/334/420
f 215/332/419 216/335/421 235/334/420
f 235/334/420 216/335/421 236/336/422
f 216/335/421 217/337/423 236/336/422
f 236/336/422 217/337/423 237/338/424
f 217/337/423 218/339/425 237/338/424
f 237/338/424 218/339/425 238/340/426
f 218/800/425 219/801/427 238/802/426
f 238/802/426 219/801/427 239/804/428
f 219/801/427 220/806/429 239/804/428
f 239/804/428 220/806/429 240/809/430
f 220/806/429 221/808/431 240/809/430
f 240/809/430 221/808/431 241/813/432
f 221/808/431 222/811/433 241/813/432
f 241/813/432 222/811/433 242/816/434
f 222/347/433 223/341/435 242/345/434
f 242/345/434 223/341/435 243/343/436
f 223/341/435 224/342/437 243/343/436
f 243/343/436 224/342/437 244/344/438
f 224/342/437 225/346/439 244/344/438
f 244/344/438 225/346/439 245/348/440
f 225/346/439 226/349/441 245/348/440
f 245/348/440 226/349/441 246/350/442
f 226/349/441 227/351/443 246/350/442
f 246/350/442 227/351/443 247/352/444
f 227/351/443 228/353/445 247/352/444
f 247/352/444 228/353/445 248/354/446
f 228/789/445 229/783/447 248/784/446
f 248/784/446 229/783/447 249/781/448
f 229/783/447 230/779/449 249/781/448
f 249/781/448 230/779/449 250/777/450
f 230/779/449 211/773/411 250/777/450
f 250/777/450 211/773/411 231/775/413
s 17
f 212/818/451 211/820/452 251/803/453
f 213/815/454 212/818/451 251/803/453
f 214/812/455 213/815/454 251/803/453
f 215/810/456 214/812/455 251/803/453
f 216/807/457 215/810/456 251/803/453
f 217/805/458 216/807/457 251/803/453
f 218/800/459 217/805/458 251/803/453
f 219/801/460 218/800/459 251/803/453
f 220/806/461 219/801/460 251/803/453
f 221/808/462 220/806/461 251/803/453
f 222/811/463 221/808/462 251/803/453
f 223/814/464 222/811/463 251/803/453
f 224/817/465 223/814/464 251/803/453
f 225/819/466 224/817/465 251/803/453
f 226/821/467 225/819/466 251/803/453
f 227/823/468 226/821/467 251/803/453
f 228/824/469 227/823/468 251/803/453
f 229/825/470 228/824/469 251/803/453
f 230/779/471 229/783/470 251/786/453
f 211/820/452 230/822/471 251/803/453
s 18
f 231/775/472 232/776/473 252/778/474
f 232/776/473 233/780/475 252/778/474
f 233/780/475 234/782/476 252/778/474
f 234/782/476 235/785/477 252/778/474
f 235/785/477 236/788/478 252/778/474
f 236/788/478 237/791/479 252/778/474
f 237/791/479 238/793/480 252/778/474
f 238/793/480 239/795/481 252/778/474
f 239/795/481 240/797/482 252/778/474
f 240/797/482 241/799/483 252/778/474
f 241/799/483 242/798/484 252/778/474
f 242/798/484 243/796/485 252/778/474
f 243/796/485 244/794/486 252/778/474
f 244/794/486 245/792/487 252/778/474
f 245/792/487 246/790/488 252/778/474
f 246/790/488 247/787/489 252/778/474
f 247/787/489 248/784/490 252/778/474
f 248/784/490 249/781/491 252/778/474
f 249/781/491 250/777/492 252/778/474
f 250/777/492 231/775/472 252/778/474
s 19
f 253/355/493 254/356/494 273/357/495
f 273/357/495 254/356/494 274/358/496
f 254/356/494 255/360/497 274/358/496
f 274/358/496 255/360/497 275/362/498
f 255/360/497 256/364/499 275/362/498
f 275/362/498 256/364/499 276/366/500
f 256/364/499 257/367/501 276/366/500
f 276/366/500 257/367/501 277/368/502
f 257/367/501 258/369/503 277/368/502
f 277/368/502 258/369/503 278/370/504
f 258/371/503 259/372/505 278/373/504
f 278/373/504 259/372/505 279/374/506
f 259/372/505 260/375/507 279/374/506
f 279/374/506 260/375/507 280/376/508
f 260/375/507 261/377/509 280/376/508
f 280/376/508 261/377/509 281/378/510
f 261/377/509 262/379/511 281/378/510
f 281/378/510 262/379/511 282/380/512
f 262/379/511 263/381/513 282/380/512
f 282/380/512 263/381/513 283/382/514
f 263/383/513 264/384/515 283/385/514
f 283/385/514 264/384/515 284/386/516
f 264/384/515 265/387/517 284/386/516
f 284/386/516 265/387/517 285/388/518
f 265/387/517 266/389/519 285/388/518
f 285/388/518 266/389/519 286/390/520
f 266/389/519 267/391/521 286/390/520
f 286/390/520 267/391/521 287/392/522
f 267/391/521 268/393/523 287/392/522
f 287/392/522 268/393/523 288/394/524
f 268/395/523 269/396/525 288/397/524
f 288/397/524 269/396/525 289/398/526
f 269/396/525 270/399/527 289/398/526
f 289/398/526 270/399/527 290/400/528
f 270/399/527 271/401/529 290/400/528
f 290/400/528 271/401/529 291/402/530
f 271/365/529 272/361/531 291/363/530
f 291/363/530 272/361/531 292/359/532
f 272/361/531 253/355/493 292/359/532
f 292/359/532 253/355/493 273/357/495
s 20
f 254/403/533 253/404/534 293/405/535
f 255/407/536 254/403/533 293/405/535
f 256/409/537 255/407/536 293/405/535
f 257/411/538 256/409/537 293/405/535
f 258/413/539 257/411/538 293/405/535
f 259/415/540 258/413/539 293/405/535
f 260/417/541 259/415/540 293/405/535
f 261/419/542 260/417/541 293/405/535
f 262/421/543 261/419/542 293/405/535
f 263/423/544 262/421/543 293/405/535
f 264/422/545 263/423/544 293/405/535
f 265/420/546 264/422/545 293/405/535
f 266/418/547 265/420/546 293/405/535
f 267/416/548 266/418/547 293/405/535
f 268/414/549 267/416/548 293/405/535
f 269/412/550 268/414/549 293/405/535
f 270/410/551 269/412/550 293/405/535
f 271/408/552 270/410/551 293/405/535
f 272/406/553 271/408/552 293/405/535
f 253/404/534 272/406/553 293/405/535
s 21
f 273/424/554 274/425/555 294/426/556
f 274/425/555 275/427/557 294/426/556
f 275/427/557 276/429/558 294/426/556
f 276/429/558 277/431/559 294/426/556
f 277/431/559 278/433/560 294/426/556
f 278/433/560 279/435/561 294/426/556
f 279/435/561 280/437/562 294/426/556
f 280/437/562 281/439/563 294/426/556
f 281/439/563 282/441/564 294/426/556
f 282/441/564 283/443/565 294/426/556
f 283/443/565 284/444/566 294/426/556
f 284/444/566 285/442/567 294/426/556
f 285/442/567 286/440/568 294/426/556
f 286/440/568 287/438/569 294/426/556
f 287/438/569 288/436/570 294/426/556
f 288/436/570 289/434/571 294/426/556
f 289/434/571 290/432/572 294/426/556
f 290/432/572 291/430/573 294/426/556
f 291/430/573 292/428/574 294/426/556
f 292/428/574 273/424/554 294/426/556
s 22
f 295/826/575 296/827/576 315/828/577
f 315/828/577 296/827/576 316/830/578
f 296/451/576 297/445/579 316/449/578
f 316/449/578 297/445/579 317/447/580
f 297/445/579 298/446/581 317/447/580
f 317/447/580 298/446/581 318/448/582
f 298/446/581 299/450/583 318/448/582
f 318/448/582 299/450/583 319/452/584
f 299/450/583 300/453/585 319/452/584
f 319/452/584 300/453/585 320/454/586
f 300/453/585 301/455/587 320/454/586
f 320/454/586 301/455/587 321/456/588
f 301/455/587 302/457/589 321/456/588
f 321/456/588 302/457/589 322/458/590
f 302/853/589 303/854/591 322/855/590
f 322/855/590 303/854/591 323/856/592
f 303/854/591 304/857/593 323/856/592
f 323/856/592 304/857/593 324/858/594
f 304/857/593 305/859/595 324/858/594
f 324/858/594 305/859/595 325/860/596
f 305/859/595 306/861/597 325/860/596
f 325/860/596 306/861/597 326/862/598
f 306/465/597 307/459/599 326/463/598
f 326/463/598 307/459/599 327/461/600
f 307/459/599 308/460/601 327/461/600
f 327/461/600 308/460/601 328/462/602
f 308/460/601 309/464/603 328/462/602
f 328/462/602 309/464/603 329/466/604
f 309/464/603 310/467/605 329/466/604
f 329/466/604 310/467/605 330/468/606
f 310/467/605 311/469/607 330/468/606
f 330/468/606 311/469/607 331/470/608
f 311/469/607 312/471/609 331/470/608
f 331/470/608 312/471/609 332/472/610
f 312/837/609 313/834/611 332/840/610
f 332/840/610 313/834/611 333/836/612
f 313/834/611 314/832/613 333/836/612
f 333/836/612 314/832/613 334/831/614
f 314/832/613 295/826/575 334/831/614
f 334/831/614 295/826/575 315/828/577
s 23
f 296/827/615 295/826/616 335/829/617
f 297/833/618 296/827/615 335/829/617
f 298/835/619 297/833/618 335/829/617
f 299/838/620 298/835/619 335/829/617
f 300/842/621 299/838/620 335/829/617
f 301/844/622 300/842/621 335/829/617
f 302/846/623 301/844/622 335/829/617
f 303/848/624 302/846/623 335/829/617
f 304/850/625 303/848/624 335/829/617
f 305/852/626 304/850/625 335/829/617
f 306/851/627 305/852/626 335/829/617
f 307/849/628 306/851/627 335/829/617
f 308/847/629 307/849/628 335/829/617
f 309/845/630 308/847/629 335/829/617
f 310/843/631 309/845/630 335/829/617
f 311/841/632 310/843/631 335/829/617
f 312/837/633 311/841/632 335/829/617
f 313/834/634 312/837/633 335/829/617
f 314/832/635 313/834/634 335/829/617
f 295/826/616 314/832/635 335/829/617
s 24
f 315/863/636 316/864/637 336/865/638
f 316/864/637 317/866/639 336/865/638
f 317/866/639 318/868/640 336/865/638
f 318/868/640 319/869/641 336/865/638
f 319/869/641 320/870/642 336/865/638
f 320/870/642 321/871/643 336/865/638
f 321/871/643 322/872/644 336/865/638
f 322/872/644 323/873/645 336/865/638
f 323/873/645 324/874/646 336/865/638
f 324/874/646 325/875/647 336/865/638
f 325/875/647 326/876/648 336/865/638
f 326/876/648 327/877/649 336/865/638
f 327/877/649 328/878/650 336/865/638
f 328/878/650 329/879/651 336/865/638
f 329/879/651 330/880/652 336/865/638
f 330/880/652 331/881/653 336/865/638
f 331/881/653 332/882/654 336/865/638
f 332/840/654 333/836/655 336/839/638
f 333/836/655 334/831/656 336/839/638
f 334/867/656 315/863/636 336/865/638
s 25
f 410/495/657 434/482/658 337/494/659
f 337/494/659 434/482/658 406/487/660
f 409/536/661 433/519/662 339/531/663
f 339/531/663 433/519/662 404/524/664
f 408/569/665 432/552/666 341/564/667
f 341/564/667 432/552/666 402/557/668
f 407/597/669 431/582/670 343/592/671
f 343/592/671 431/582/670 400/586/672
f 398/883/673 430/884/674 338/885/675
f 338/885/675 430/884/674 405/886/676
f 400/887/672 429/888/677 343/889/671
f 343/889/671 429/888/677 395/890/678
f 350/523/679 385/530/680 404/524/664
f 404/524/664 385/530/680 428/539/681
f 352/486/682 384/493/683 406/487/660
f 406/487/660 384/493/683 427/504/684
f 348/556/685 383/563/686 402/557/668
f 402/557/668 383/563/686 426/572/687
f 349/532/688 381/537/689 394/526/690
f 394/526/690 381/537/689 425/540/691
f 347/565/692 380/570/693 396/559/694
f 396/559/694 380/570/693 424/573/695
f 351/496/696 379/502/697 392/489/698
f 392/489/698 379/502/697 423/506/699
f 356/500/700 377/505/701 387/501/702
f 387/501/702 377/505/701 422/509/703
f 345/593/704 376/583/705 399/595/706
f 399/595/706 376/583/705 421/589/707
f 346/584/708 375/579/709 397/581/710
f 397/581/710 375/579/709 420/577/711
f 353/549/712 373/543/713 390/554/714
f 390/554/714 373/543/713 419/548/715
f 347/565/692 372/553/716 401/566/717
f 401/566/717 372/553/716 418/560/718
f 348/556/685 371/547/719 395/551/678
f 395/551/678 371/547/719 417/544/720
f 354/516/721 369/510/722 389/521/723
f 389/521/723 369/510/722 416/515/724
f 349/532/688 368/520/725 403/533/726
f 403/533/726 368/520/725 415/527/727
f 350/523/679 367/514/728 393/518/729
f 393/518/729 367/514/728 414/511/730
f 355/479/731 365/473/732 388/484/733
f 388/484/733 365/473/732 413/478/734
f 351/496/696 364/483/735 405/497/676
f 405/497/676 364/483/735 412/490/736
f 352/486/682 363/477/737 391/481/738
f 391/481/738 363/477/737 411/474/739
f 411/474/739 365/473/732 409/476/661
f 409/476/661 365/473/732 355/479/731
f 365/473/732 411/474/739 362/475/740
f 362/475/740 411/474/739 363/477/737
f 391/481/738 411/474/739 339/480/663
f 339/480/663 411/474/739 409/476/661
f 412/490/736 366/488/741 387/501/702
f 387/501/702 366/488/741 356/500/700
f 366/488/741 412/490/736 362/475/740
f 362/475/740 412/490/736 364/483/735
f 405/497/676 412/490/736 338/503/675
f 338/503/675 412/490/736 387/501/702
f 413/478/734 364/483/735 392/489/698
f 392/489/698 364/483/735 351/496/696
f 364/483/735 413/478/734 362/475/740
f 362/475/740 413/478/734 365/473/732
f 388/484/733 413/478/734 340/491/742
f 340/491/742 413/478/734 392/489/698
f 414/511/730 369/510/722 408/513/665
f 408/513/665 369/510/722 354/516/721
f 369/510/722 414/511/730 361/512/743
f 361/512/743 414/511/730 367/514/728
f 393/518/729 414/511/730 341/517/667
f 341/517/667 414/511/730 408/513/665
f 415/498/727 370/485/744 388/484/733
f 388/484/733 370/485/744 355/479/731
f 370/525/744 415/527/727 361/512/743
f 361/512/743 415/527/727 368/520/725
f 403/533/726 415/527/727 340/538/742
f 340/538/742 415/527/727 388/541/733
f 416/515/724 368/520/725 394/526/690
f 394/526/690 368/520/725 349/532/688
f 368/520/725 416/515/724 361/512/743
f 361/512/743 416/515/724 369/510/722
f 389/521/723 416/515/724 342/528/745
f 342/528/745 416/515/724 394/526/690
f 417/544/720 373/543/713 407/546/669
f 407/546/669 373/543/713 353/549/712
f 373/543/713 417/544/720 360/545/746
f 360/545/746 417/544/720 371/547/719
f 395/551/678 417/544/720 343/550/671
f 343/550/671 417/544/720 407/546/669
f 418/534/718 374/522/747 389/521/723
f 389/521/723 374/522/747 354/516/721
f 374/558/747 418/560/718 360/545/746
f 360/545/746 418/560/718 372/553/716
f 401/566/717 418/560/718 342/571/745
f 342/571/745 418/560/718 389/574/723
f 419/548/715 372/553/716 396/559/694
f 396/559/694 372/553/716 347/565/692
f 372/553/716 419/548/715 360/545/746
f 360/545/746 419/548/715 373/543/713
f 390/554/714 419/548/715 344/561/748
f 344/561/748 419/548/715 396/559/694
f 420/507/711 377/505/701 410/495/657
f 410/495/657 377/505/701 356/500/700
f 377/576/701 420/577/711 359/578/749
f 359/578/749 420/577/711 375/579/709
f 397/581/710 420/577/711 337/585/659
f 337/585/659 420/577/711 410/591/657
f 421/567/707 378/555/750 390/554/714
f 390/554/714 378/555/750 353/549/712
f 378/587/750 421/589/707 359/578/749
f 359/578/749 421/589/707 376/583/705
f 399/595/706 421/589/707 344/600/748
f 344/600/748 421/589/707 390/603/714
f 422/580/703 376/583/705 398/588/673
f 398/588/673 376/583/705 345/593/704
f 376/583/705 422/580/703 359/578/749
f 359/578/749 422/580/703 377/576/701
f 387/599/702 422/580/703 338/594/675
f 338/594/675 422/580/703 398/588/673
f 423/542/699 381/537/689 403/533/726
f 403/533/726 381/537/689 349/532/688
f 381/605/689 423/606/699 358/607/751
f 358/607/751 423/606/699 379/608/697
f 392/891/698 423/892/699 340/893/742
f 340/893/742 423/892/699 403/894/726
f 424/604/695 382/598/752 399/595/706
f 399/595/706 382/598/752 345/593/704
f 382/612/752 424/613/695 358/607/751
f 358/607/751 424/613/695 380/611/693
f 396/895/694 424/896/695 344/897/748
f 344/897/748 424/896/695 399/898/706
f 425/575/691 380/570/693 401/566/717
f 401/566/717 380/570/693 347/565/692
f 380/611/693 425/609/691 358/607/751
f 358/607/751 425/609/691 381/605/689
f 394/899/690 425/900/691 342/901/745
f 342/901/745 425/900/691 401/902/717
f 426/535/687 385/530/680 393/518/729
f 393/518/729 385/530/680 350/523/679
f 385/614/680 426/615/687 357/616/753
f 357/616/753 426/615/687 383/617/686
f 402/903/668 426/904/687 341/905/667
f 341/905/667 426/904/687 393/906/729
f 427/596/684 386/590/754 397/581/710
f 397/581/710 386/590/754 346/584/708
f 386/621/754 427/622/684 357/616/753
f 357/616/753 427/622/684 384/620/683
f 406/907/660 427/908/684 337/909/659
f 337/909/659 427/908/684 397/910/710
f 428/499/681 384/493/683 391/481/738
f 391/481/738 384/493/683 352/486/682
f 384/620/683 428/618/681 357/616/753
f 357/616/753 428/618/681 385/614/680
f 404/911/664 428/912/681 339/913/663
f 339/913/663 428/912/681 391/914/738
f 383/617/686 429/619/677 357/616/753
f 357/616/753 429/619/677 386/621/754
f 429/601/677 400/586/672 386/590/754
f 386/590/754 400/586/672 346/584/708
f 429/568/677 383/563/686 395/551/678
f 395/551/678 383/563/686 348/556/685
f 379/608/697 430/610/674 358/607/751
f 358/607/751 430/610/674 382/612/752
f 430/602/674 398/588/673 382/598/752
f 382/598/752 398/588/673 345/593/704
f 430/508/674 379/502/697 405/497/676
f 405/497/676 379/502/697 351/496/696
f 375/579/709 431/582/670 359/578/749
f 359/578/749 431/582/670 378/587/750
f 431/562/670 407/546/669 378/555/750
f 378/555/750 407/546/669 353/549/712
f 431/582/670 375/579/709 400/586/672
f 400/586/672 375/579/709 346/584/708
f 371/547/719 432/552/666 360/545/746
f 360/545/746 432/552/666 374/558/747
f 432/529/666 408/513/665 374/522/747
f 374/522/747 408/513/665 354/516/721
f 432/552/666 371/547/719 402/557/668
f 402/557/668 371/547/719 348/556/685
f 367/514/728 433/519/662 361/512/743
f 361/512/743 433/519/662 370/525/744
f 433/492/662 409/476/661 370/485/744
f 370/485/744 409/476/661 355/479/731
f 433/519/662 367/514/728 404/524/664
f 404/524/664 367/514/728 350/523/679
f 363/477/737 434/482/658 362/475/740
f 362/475/740 434/482/658 366/488/741
f 434/482/658 410/495/657 366/488/741
f 366/488/741 410/495/657 356/500/700
f 434/482/658 363/477/737 406/487/660
f 406/487/660 363/477/737 352/486/682
s 54
f 439/623/755 435/624/756 440/625/757
f 440/625/757 435/624/756 438/626/758
s 55
f 439/627/759 441/628/760 435/629/761
f 441/628/760 442/630/762 435/629/761
s 56
f 436/631/763 443/632/764 445/633/765
f 443/632/764 444/634/766 445/633/765
s 57
f 445/635/767 446/636/768 436/637/769
f 436/637/769 446/636/768 437/638/770
s 58
f 446/639/771 447/640/772 437/641/773
f 447/640/772 448/642/774 437/641/773
s 59
f 438/643/775 449/644/776 440/645/777
f 449/644/776 450/646/778 440/645/777
s 60
f 440/647/779 450/648/780 439/649/781
f 439/649/781 450/648/780 441/650/782
s 61
f 447/651/783 446/652/784 444/653/785
f 444/653/785 446/652/784 445/654/786
s 62
f 448/655/787 447/656/788 443/657/789
f 443/657/789 447/656/788 444/658/790
s 63
f 441/659/791 450/660/792 442/661/793
f 442/661/793 450/660/792 449/662/794
